# GW NR rates, Nmax=4, solver convention (Numerics/gw_rates.jl).
# ann: rate = C alpha^p.  tr: rate = K alpha^(2-2L mass | 4-2L current) (dw/mu)^(2L+1)
# type na la ma nb lb mb coeff power kind
ann 2 1 1 2 1 1 6.77690974768085e-5 16 0
ann 2 1 1 3 1 1 9.519282118167974e-5 16 0
tr 2 1 1 3 1 1 6.92533995824479 2 1
ann 2 1 1 3 2 1 5.806305358116922e-6 16 0
tr 2 1 1 3 2 1 4.809263859892224 2 2
tr 2 1 1 3 2 1 22.79426180542284 3 1
ann 2 1 1 3 2 2 3.6289211102614454e-6 16 0
tr 2 1 1 3 2 2 3.2061759065948134 2 2
tr 2 1 1 3 2 2 7.598087268474278 3 1
ann 2 1 1 4 1 1 4.2355694754945845e-5 16 0
tr 2 1 1 4 1 1 0.6651636789400664 2 1
ann 2 1 1 4 2 1 3.48771703837146e-6 16 0
tr 2 1 1 4 2 1 0.6235909490063131 2 2
ann 2 1 1 4 2 2 2.179811450832716e-6 16 0
tr 2 1 1 4 2 2 0.4157272993375419 2 2
ann 2 1 1 4 3 1 1.30335457179433e-7 18 0
tr 2 1 1 4 3 1 15.963928294561612 2 1
tr 2 1 1 4 3 1 1.5837230450953972 3 2
tr 2 1 1 4 3 1 23.83498527598009 4 1
ann 2 1 1 4 3 2 1.3623903745234787e-7 18 0
tr 2 1 1 4 3 2 26.60654715760269 2 1
tr 2 1 1 4 3 2 1.3197692042461653 3 2
tr 2 1 1 4 3 2 11.91749263799002 4 1
ann 2 1 1 4 3 3 1.3623888507151387e-7 18 0
tr 2 1 1 4 3 3 39.909820736404 2 1
tr 2 1 1 4 3 3 0.7918615225476985 3 2
tr 2 1 1 4 3 3 3.9724975459966787 4 1
ann 2 1 1 5 4 2 1.4432890752065582e-9 20 0
tr 2 1 1 5 4 2 7.005786894300891 3 1
tr 2 1 1 5 4 2 0.3923240660808499 4 2
tr 2 1 1 5 4 2 8.31855957764854 5 1
ann 2 1 1 5 4 4 1.78734417885663e-9 20 0
tr 2 1 1 5 4 4 13.07746886936165 3 1
tr 2 1 1 5 4 4 0.1743662515914883 4 2
tr 2 1 1 5 4 4 1.386426596274755 5 1
ann 2 1 1 7 6 2 3.42144355098185e-14 24 0
tr 2 1 1 7 6 2 0.3268028113470614 5 1
tr 2 1 1 7 6 2 0.01433238513794395 6 2
tr 2 1 1 7 6 2 0.929564895995365 7 1
ann 2 1 1 7 6 4 4.524879406249171e-14 24 0
tr 2 1 1 7 6 4 0.5252188039506341 5 1
tr 2 1 1 7 6 4 0.010749288853457972 6 2
tr 2 1 1 7 6 4 0.3718259583981446 7 1
ann 2 1 1 7 6 6 5.771634232805647e-14 24 0
tr 2 1 1 7 6 6 0.7703209124609309 5 1
tr 2 1 1 7 6 6 0.004299715541383177 6 2
tr 2 1 1 7 6 6 0.06197099306635727 7 1
ann 3 1 1 3 1 1 8.357121334086104e-6 16 0
ann 3 1 1 3 2 1 2.038976575950605e-6 16 0
tr 3 1 1 3 2 1 21.599999999999994 2 2
tr 3 1 1 3 2 1 694.2857142857126 3 1
ann 3 1 1 3 2 2 1.2743536761572715e-6 16 0
tr 3 1 1 3 2 2 14.399999999999995 2 2
tr 3 1 1 3 2 2 231.42857142857082 3 1
ann 3 1 1 4 1 1 1.4873881232560514e-5 16 0
tr 3 1 1 4 1 1 140.60865904293436 2 1
ann 3 1 1 4 2 1 1.2247673703281657e-6 16 0
tr 3 1 1 4 2 1 12.210227362542172 2 2
tr 3 1 1 4 2 1 1967.6254395628557 3 1
ann 3 1 1 4 2 2 7.654756472505342e-7 16 0
tr 3 1 1 4 2 2 8.140151575028112 2 2
tr 3 1 1 4 2 2 655.8751465209517 3 1
ann 3 1 1 4 3 1 4.576936736803909e-8 18 0
tr 3 1 1 4 3 1 1275.9743534090208 2 1
tr 3 1 1 4 3 1 126.58475728264094 3 2
tr 3 1 1 4 3 1 9680.372971610266 4 1
ann 3 1 1 4 3 2 4.78425054776512e-8 18 0
tr 3 1 1 4 3 2 2126.623922348369 2 1
tr 3 1 1 4 3 2 105.48729773553414 3 2
tr 3 1 1 4 3 2 4840.186485805119 4 1
ann 3 1 1 4 3 3 4.7842454629139146e-8 18 0
tr 3 1 1 4 3 3 3189.9358835225507 2 1
tr 3 1 1 4 3 3 63.292378641320454 3 2
tr 3 1 1 4 3 3 1613.3954952683757 4 1
ann 3 1 1 5 4 2 5.068338753287884e-10 20 0
tr 3 1 1 5 4 2 5794.867016883605 3 1
tr 3 1 1 5 4 2 324.5125529454818 4 2
tr 3 1 1 5 4 2 32232.56574342745 5 1
ann 3 1 1 5 4 4 6.276543149778716e-10 20 0
tr 3 1 1 5 4 4 10817.085098182717 3 1
tr 3 1 1 5 4 4 144.22780130910257 4 2
tr 3 1 1 5 4 4 5372.094290571235 5 1
ann 3 1 1 7 6 2 1.2014940562037507e-14 24 0
tr 3 1 1 7 6 2 16849.582170559017 5 1
tr 3 1 1 7 6 2 738.961516537936 6 2
tr 3 1 1 7 6 2 215948.74198127433 7 1
ann 3 1 1 7 6 4 1.588983046369278e-14 24 0
tr 3 1 1 7 6 4 27079.685631255546 5 1
tr 3 1 1 7 6 4 554.2211374034524 6 2
tr 3 1 1 7 6 4 86379.49679250945 7 1
ann 3 1 1 7 6 6 2.0268007678224713e-14 24 0
tr 3 1 1 7 6 6 39716.87225917484 5 1
tr 3 1 1 7 6 6 221.68845496138033 6 2
tr 3 1 1 7 6 6 14396.582798751539 7 1
ann 3 2 1 3 2 1 3.7758818349429376e-8 18 0
ann 3 2 1 3 2 2 4.719817917530709e-8 18 0
tr 3 2 1 3 2 2 518.3999999999996 2 1
tr 3 2 1 3 2 2 37.02857142857139 3 2
ann 3 2 1 4 1 1 9.072350080166173e-7 16 0
tr 3 2 1 4 1 1 0.36178451444569376 2 2
tr 3 2 1 4 1 1 440.8938484946399 3 1
ann 3 2 1 4 2 1 9.072348721380434e-8 18 0
tr 3 2 1 4 2 1 46.86774484514322 2 1
tr 3 2 1 4 2 1 26.78156848293893 3 2
tr 3 2 1 4 2 1 4405.645299079511 4 1
ann 3 2 1 4 2 2 2.835088635694768e-8 18 0
tr 3 2 1 4 2 2 281.2064690708587 2 1
tr 3 2 1 4 2 2 20.086176362204192 3 2
tr 3 2 1 4 2 2 1376.7641559623453 4 1
ann 3 2 1 4 3 1 2.0040832945038524e-9 20 0
tr 3 2 1 4 3 1 25.516883304577938 2 2
tr 3 2 1 4 3 1 196.76254395628735 3 1
tr 3 2 1 4 3 1 234.24112375748328 4 2
tr 3 2 1 4 3 1 15448.366633135971 5 1
ann 3 2 1 4 3 2 2.143332725701869e-9 20 0
tr 3 2 1 4 3 2 1475.719079672146 3 1
tr 3 2 1 4 3 2 229.55630128233423 4 2
tr 3 2 1 4 3 2 7415.215983905272 5 1
ann 3 2 1 4 3 3 1.718246407342167e-9 20 0
tr 3 2 1 4 3 3 63.792208261444756 2 2
tr 3 2 1 4 3 3 2459.5317994535712 3 1
tr 3 2 1 4 3 3 126.49020682904096 4 2
tr 3 2 1 4 3 3 2162.771328639033 5 1
ann 3 2 1 5 4 2 2.717454833709111e-11 22 0
tr 3 2 1 5 4 2 546.1881233007454 2 1
tr 3 2 1 5 4 2 6.773166211566804 3 2
tr 3 2 1 5 4 2 3099.800747355588 4 1
tr 3 2 1 5 4 2 678.8559771138525 5 2
ann 3 2 1 5 4 4 2.9803151924138665e-11 22 0
tr 3 2 1 5 4 4 113.78919235432191 3 2
tr 3 2 1 5 4 4 7500.752425699927 4 1
tr 3 2 1 5 4 4 254.57099141769444 5 2
tr 3 2 1 5 4 4 6468.823401840321 6 1
ann 3 2 1 7 6 2 1.3594059556561963e-15 26 0
tr 3 2 1 7 6 2 904.8798270562579 4 1
tr 3 2 1 7 6 2 25.912467774792827 5 2
tr 3 2 1 7 6 2 5155.274953843056 6 1
tr 3 2 1 7 6 2 1530.0928900485949 7 2
tr 3 2 1 7 6 2 357298.84665146127 8 1
ann 3 2 1 7 6 4 1.4116514922027802e-15 26 0
tr 3 2 1 7 6 4 969.5141004174175 4 1
tr 3 2 1 7 6 4 4.6272263883558304 5 2
tr 3 2 1 7 6 4 21050.706061525863 6 1
tr 3 2 1 7 6 4 1199.5928257980968 7 2
tr 3 2 1 7 6 4 124771.02581479496 8 1
ann 3 2 1 7 6 6 1.3559106901288043e-15 26 0
tr 3 2 1 7 6 6 169.66496757304827 5 2
tr 3 2 1 7 6 6 20792.942313833686 6 1
tr 3 2 1 7 6 6 330.5000642504964 7 2
tr 3 2 1 7 6 6 14745.66668720323 8 1
ann 3 2 2 3 2 2 2.3599089587653566e-8 18 0
ann 3 2 2 4 1 1 5.67018944647662e-7 16 0
tr 3 2 2 4 1 1 0.241189676297129 2 2
tr 3 2 2 4 1 1 146.96461616487994 3 1
ann 3 2 2 4 2 1 2.8350886356947655e-8 18 0
tr 3 2 2 4 2 1 281.2064690708585 2 1
tr 3 2 2 4 2 1 20.086176362204192 3 2
tr 3 2 2 4 2 1 1376.7641559623453 4 1
ann 3 2 2 4 2 2 5.670177271389571e-8 18 0
tr 3 2 2 4 2 2 187.47097938057223 2 1
tr 3 2 2 4 2 2 6.695392120734725 3 2
tr 3 2 2 4 2 2 275.3528311924706 4 1
ann 3 2 2 4 3 1 1.6681320093707085e-9 20 0
tr 3 2 2 4 3 1 38.27532495686687 2 2
tr 3 2 2 4 3 1 2361.150527475432 3 1
tr 3 2 2 4 3 1 187.39289900598658 4 2
tr 3 2 2 4 3 1 4634.509989940789 5 1
ann 3 2 2 4 3 2 2.085161282867727e-9 20 0
tr 3 2 2 4 3 2 63.79220826144478 2 2
tr 3 2 2 4 3 2 1967.6254395628566 3 1
tr 3 2 2 4 3 2 93.6964495029934 4 2
tr 3 2 2 4 3 2 1544.8366633135963 5 1
ann 3 2 2 4 3 3 2.8189910339188486e-9 20 0
tr 3 2 2 4 3 3 63.79220826144478 2 2
tr 3 2 2 4 3 3 983.8127197814296 3 1
tr 3 2 2 4 3 3 28.108934850897736 4 2
tr 3 2 2 4 3 3 308.96733266271764 5 1
ann 3 2 2 5 4 2 3.056341741943928e-11 22 0
tr 3 2 2 5 4 2 204.82054623777944 2 1
tr 3 2 2 5 4 2 81.27799453880137 3 2
tr 3 2 2 5 4 2 6888.446105234623 4 1
tr 3 2 2 5 4 2 318.21373927211795 5 2
ann 3 2 2 5 4 4 4.8082312347869954e-11 22 0
tr 3 2 2 5 4 4 955.8292157763036 2 1
tr 3 2 2 5 4 4 75.85946156954779 3 2
tr 3 2 2 5 4 4 2143.0721216285488 4 1
ann 3 2 2 7 6 2 1.1711849112771736e-15 26 0
tr 3 2 2 7 6 2 282.7749459550798 4 1
tr 3 2 2 7 6 2 86.37489258264274 5 2
tr 3 2 2 7 6 2 24057.94978460097 6 1
tr 3 2 2 7 6 2 856.8520184272131 7 2
tr 3 2 2 7 6 2 79399.74370032412 8 1
ann 3 2 2 7 6 4 1.9098059126162794e-15 26 0
tr 3 2 2 7 6 4 848.3248378652399 4 1
tr 3 2 2 7 6 4 111.05343332054066 5 2
tr 3 2 2 7 6 4 15465.824861529158 6 1
tr 3 2 2 7 6 4 306.0185780097188 7 2
ann 3 2 2 7 6 6 2.8613622478722587e-15 26 0
tr 3 2 2 7 6 6 1999.6228321109236 4 1
tr 3 2 2 7 6 6 67.86598702921921 5 2
tr 3 2 2 7 6 6 3780.5349661515647 6 1
ann 4 1 1 4 1 1 1.6545196448416275e-6 16 0
ann 4 1 1 4 2 1 5.449556645937045e-7 16 0
tr 4 1 1 4 2 1 92.15999999999998 2 2
tr 4 1 1 4 2 1 32914.28571428564 3 1
ann 4 1 1 4 2 2 3.4059555190856293e-7 16 0
tr 4 1 1 4 2 2 61.43999999999996 2 2
tr 4 1 1 4 2 2 10971.428571428543 3 1
ann 4 1 1 4 3 1 2.0364908405746693e-8 18 0
tr 4 1 1 4 3 1 3686.3999999999965 2 1
tr 4 1 1 4 3 1 365.7142857142853 3 2
tr 4 1 1 4 3 1 122879.99999999975 4 1
ann 4 1 1 4 3 2 2.128734375616286e-8 18 0
tr 4 1 1 4 3 2 6143.999999999997 2 1
tr 4 1 1 4 3 2 304.76190476190453 3 2
tr 4 1 1 4 3 2 61439.999999999716 4 1
ann 4 1 1 4 3 3 2.1287321545933464e-8 18 0
tr 4 1 1 4 3 3 9215.999999999987 2 1
tr 4 1 1 4 3 3 182.8571428571426 3 2
tr 4 1 1 4 3 3 20479.99999999993 4 1
ann 4 1 1 5 4 2 2.2551382889787288e-10 20 0
tr 4 1 1 5 4 2 168135.22225500847 3 1
tr 4 1 1 5 4 2 9415.57244628047 4 2
tr 4 1 1 5 4 2 3.1840059380378155e6 5 1
ann 4 1 1 5 4 4 2.7927243387443244e-10 20 0
tr 4 1 1 5 4 4 313852.4148760155 3 1
tr 4 1 1 5 4 4 4184.698865013532 4 2
tr 4 1 1 5 4 4 530667.6563396355 5 1
ann 4 1 1 7 6 2 5.346002400175447e-15 24 0
tr 4 1 1 7 6 2 1.5803762271794768e7 5 1
tr 4 1 1 7 6 2 693095.6516996542 6 2
tr 4 1 1 7 6 2 6.083924975367782e8 7 1
ann 4 1 1 7 6 4 7.070120057886612e-15 24 0
tr 4 1 1 7 6 4 2.5398903651098717e7 5 1
tr 4 1 1 7 6 4 519821.738774741 6 2
tr 4 1 1 7 6 4 2.4335699901471043e8 7 1
ann 4 1 1 7 6 6 9.018173513139527e-15 24 0
tr 4 1 1 7 6 6 3.7251725354944825e7 5 1
tr 4 1 1 7 6 6 207928.69550989592 6 2
tr 4 1 1 7 6 6 4.055949983578497e7 7 1
ann 4 2 1 4 2 1 1.3623888888788435e-8 18 0
ann 4 2 1 4 2 2 1.702974079231188e-8 18 0
tr 4 2 1 4 2 2 8294.399999999994 2 1
tr 4 2 1 4 2 2 592.4571428571422 3 2
ann 4 2 1 4 3 1 1.2038077017293955e-9 20 0
tr 4 2 1 4 3 1 61.44000000000005 2 2
tr 4 2 1 4 3 1 2438.0952380952544 3 1
tr 4 2 1 4 3 1 2902.4943310657586 4 2
ann 4 2 1 4 3 2 1.2874517068658132e-9 20 0
tr 4 2 1 4 3 2 18285.714285714294 3 1
tr 4 2 1 4 3 2 2844.4444444444493 4 2
tr 4 2 1 4 3 2 333637.8181818179 5 1
ann 4 2 1 4 3 3 1.032111882172705e-9 20 0
tr 4 2 1 4 3 3 153.5999999999999 2 2
tr 4 2 1 4 3 3 30476.190476190426 3 1
ann 4 2 1 5 4 2 1.63231388744462e-11 22 0
tr 4 2 1 5 4 2 14820.704754823404 2 1
tr 4 2 1 5 4 2 183.78850142390198 3 2
tr 4 2 1 5 4 2 305672.50022660044 4 1
ann 4 2 1 5 4 4 1.790208069956624e-11 22 0
tr 4 2 1 5 4 4 3087.646823921542 3 2
tr 4 2 1 5 4 4 739651.9758569576 4 1
tr 4 2 1 5 4 4 25103.33978666037 5 2
tr 4 2 1 5 4 4 2.0082049068080997e6 6 1
ann 4 2 1 7 6 2 8.165644749953068e-16 26 0
tr 4 2 1 7 6 2 830330.3654451065 4 1
tr 4 2 1 7 6 2 23777.642283200767 5 2
tr 4 2 1 7 6 2 1.4568940265850835e7 6 1
ann 4 2 1 7 6 4 8.479471905348061e-16 26 0
tr 4 2 1 7 6 4 889639.6772626125 4 1
tr 4 2 1 7 6 4 4246.007550571537 5 2
tr 4 2 1 7 6 4 5.948983941889106e7 6 1
ann 4 2 1 7 6 6 8.144649124774951e-16 26 0
tr 4 2 1 7 6 6 155686.94352095746 5 2
tr 4 2 1 7 6 6 5.876139240559843e7 6 1
tr 4 2 1 7 6 6 934001.7238723462 7 2
tr 4 2 1 7 6 6 1.2162639814536649e8 8 1
ann 4 2 2 4 2 2 8.514870396155942e-9 18 0
ann 4 2 2 4 3 1 1.0020092896067772e-9 20 0
tr 4 2 2 4 3 1 92.15999999999998 2 2
tr 4 2 2 4 3 1 29257.142857142844 3 1
tr 4 2 2 4 3 1 2321.995464852606 4 2
ann 4 2 2 4 3 2 1.2525094195779875e-9 20 0
tr 4 2 2 4 3 2 153.59999999999997 2 2
tr 4 2 2 4 3 2 24380.95238095233 3 1
ann 4 2 2 4 3 3 1.6933044943885535e-9 20 0
tr 4 2 2 4 3 3 153.59999999999997 2 2
tr 4 2 2 4 3 3 12190.476190476184 3 1
ann 4 2 2 5 4 2 1.8358755422758644e-11 22 0
tr 4 2 2 5 4 2 5557.764283058776 2 1
tr 4 2 2 5 4 2 2205.4620170868156 3 2
tr 4 2 2 5 4 2 679272.2227257772 4 1
ann 4 2 2 5 4 4 2.888196183310861e-11 22 0
tr 4 2 2 5 4 4 25936.233320940944 2 1
tr 4 2 2 5 4 4 2058.4312159476913 3 2
tr 4 2 2 5 4 4 211329.13595913062 4 1
ann 4 2 2 7 6 2 7.035043215702578e-16 26 0
tr 4 2 2 7 6 2 259478.239201595 4 1
tr 4 2 2 7 6 2 79258.80761066922 5 2
tr 4 2 2 7 6 2 6.7988387907304e7 6 1
ann 4 2 2 7 6 4 1.1471772914118977e-15 26 0
tr 4 2 2 7 6 4 778434.7176047856 4 1
tr 4 2 2 7 6 4 101904.18121371756 5 2
tr 4 2 2 7 6 4 4.370682079755248e7 6 1
ann 4 2 2 7 6 6 1.7187557282468345e-15 26 0
tr 4 2 2 7 6 6 1.834881834354138e6 4 1
tr 4 2 2 7 6 6 62274.77740838289 5 2
tr 4 2 2 7 6 6 1.0683889528290585e7 6 1
ann 4 3 1 4 3 1 9.330559866326364e-12 22 0
ann 4 3 1 4 3 2 2.6376485832427378e-11 22 0
tr 4 3 1 4 3 2 2304.0 2 1
ann 4 3 1 4 3 3 2.123872254489076e-11 22 0
tr 4 3 1 4 3 3 1535.9999999999984 2 1
tr 4 3 1 4 3 3 1097.1428571428569 3 2
ann 4 3 1 5 4 2 4.605297490123078e-13 24 0
tr 4 3 1 5 4 2 26.583693955957223 2 2
tr 4 3 1 5 4 2 26672.254174897298 3 1
tr 4 3 1 5 4 2 1097.3727431957718 4 2
tr 4 3 1 5 4 2 595261.0452643773 5 1
ann 4 3 1 5 4 4 2.898674240135325e-13 24 0
tr 4 3 1 5 4 4 28005.86688364205 3 1
tr 4 3 1 5 4 4 13442.816104148204 4 2
tr 4 3 1 5 4 4 1.514390458044147e6 5 1
ann 4 3 1 7 6 2 3.111898953173707e-17 28 0
tr 4 3 1 7 6 2 19467.303412322082 3 1
tr 4 3 1 7 6 2 121.12988789889282 4 2
tr 4 3 1 7 6 2 931988.4766365077 5 1
ann 4 3 1 7 6 4 2.8576161026341874e-17 28 0
tr 4 3 1 7 6 4 9733.651706161025 3 1
tr 4 3 1 7 6 4 3244.5505687203436 4 2
tr 4 3 1 7 6 4 665706.0547403637 5 1
ann 4 3 1 7 6 6 1.6439674255703957e-17 28 0
tr 4 3 1 7 6 6 2.1968299806431886e6 5 1
tr 4 3 1 7 6 6 441435.2237399196 6 2
tr 4 3 1 7 6 6 8.313856648117478e7 7 1
ann 4 3 2 4 3 2 1.1261581683387454e-11 22 0
ann 4 3 2 4 3 3 2.894536747619566e-11 22 0
tr 4 3 2 4 3 3 3839.9999999999945 2 1
tr 4 3 2 4 3 3 1097.1428571428585 3 2
ann 4 3 2 5 4 2 4.946337138893088e-13 24 0
tr 4 3 2 5 4 2 255.20346197718894 2 2
tr 4 3 2 5 4 2 2000.4190631172867 3 1
tr 4 3 2 5 4 2 3429.289822486791 4 2
tr 4 3 2 5 4 2 1.5452963857593352e6 5 1
ann 4 3 2 5 4 4 4.624691831900347e-13 24 0
tr 4 3 2 5 4 4 297.73737230672015 2 2
tr 4 3 2 5 4 4 46676.44480607011 3 1
tr 4 3 2 5 4 4 9602.011502963001 4 2
tr 4 3 2 5 4 4 630996.0241850627 5 1
ann 4 3 2 7 6 2 2.9995151510435105e-17 28 0
tr 4 3 2 7 6 2 10382.561819905124 3 1
tr 4 3 2 7 6 2 3876.156412764575 4 2
tr 4 3 2 7 6 2 310662.8255455034 5 1
ann 4 3 2 7 6 4 3.808729974936811e-17 28 0
tr 4 3 2 7 6 4 23360.764094786515 3 1
tr 4 3 2 7 6 4 726.7793273933601 4 2
tr 4 3 2 7 6 4 399423.6328442177 5 1
ann 4 3 2 7 6 6 3.7166576451916827e-17 28 0
tr 4 3 2 7 6 6 6852.490801137372 4 2
tr 4 3 2 7 6 6 2.1968299806431932e6 5 1
tr 4 3 2 7 6 6 200652.3744272361 6 2
tr 4 3 2 7 6 6 2.3094046244770892e7 7 1
ann 4 3 3 4 3 3 1.4472683738097846e-11 22 0
ann 4 3 3 5 4 2 3.870534850946964e-13 24 0
tr 4 3 3 5 4 2 143.55194736216848 2 2
tr 4 3 3 5 4 2 36007.54313611126 3 1
tr 4 3 3 5 4 2 11430.96607495595 4 2
tr 4 3 3 5 4 2 1.0865365212370313e6 5 1
ann 4 3 3 5 4 4 9.398560241681002e-13 24 0
tr 4 3 3 5 4 4 446.60605846007985 2 2
tr 4 3 3 5 4 4 28005.86688364207 3 1
tr 4 3 3 5 4 4 3200.670500987664 4 2
ann 4 3 3 7 6 2 2.0495178486897486e-17 28 0
tr 4 3 3 7 6 2 1297.820227488133 3 1
tr 4 3 3 7 6 2 1816.948318483396 4 2
tr 4 3 3 7 6 2 1.5533141277275097e6 5 1
tr 4 3 3 7 6 2 357526.04897943913 6 2
tr 4 3 3 7 6 2 9.352134429700568e7 7 1
ann 4 3 3 7 6 4 4.1211747233764685e-17 28 0
tr 4 3 3 7 6 4 9733.651706161025 3 1
tr 4 3 3 7 6 4 4905.760459905169 4 2
tr 4 3 3 7 6 4 1.8639769532730114e6 5 1
ann 4 3 3 7 6 6 7.56922300882602e-17 28 0
tr 4 3 3 7 6 6 42828.06750710857 3 1
tr 4 3 3 7 6 6 5139.368100853029 4 2
tr 4 3 3 7 6 6 732276.6602143954 5 1
ann 5 4 2 5 4 2 1.7797032271195224e-15 26 0
ann 5 4 2 5 4 4 4.203032535700961e-15 26 0
tr 5 4 2 5 4 4 5142.857142857132 2 1
tr 5 4 2 5 4 4 8265.30612244897 3 2
ann 5 4 2 7 6 2 4.823659709602298e-19 30 0
tr 5 4 2 7 6 2 17516.11545010056 2 1
tr 5 4 2 7 6 2 6950.839464325619 3 2
ann 5 4 2 7 6 4 5.215427896924362e-19 30 0
tr 5 4 2 7 6 4 21895.1443126257 2 1
tr 5 4 2 7 6 4 1737.709866081404 3 2
tr 5 4 2 7 6 4 4.599031512854352e6 4 1
ann 5 4 2 7 6 6 2.9880085283571e-19 30 0
tr 5 4 2 7 6 6 4.818033013466437e6 4 1
tr 5 4 2 7 6 6 3.3113026892551235e6 5 2
tr 5 4 2 7 6 6 1.3573600300654144e9 6 1
ann 5 4 4 5 4 4 3.561750874121409e-15 26 0
ann 5 4 4 7 6 2 2.1974823188971297e-19 30 0
tr 5 4 4 7 6 2 104.26259196488121 2 1
tr 5 4 4 7 6 2 827.4808886101918 3 2
tr 5 4 4 7 6 2 2.1900150061211074e6 4 1
tr 5 4 4 7 6 2 2.1245357695744624e6 5 2
ann 5 4 4 7 6 4 5.349559047103158e-19 30 0
tr 5 4 4 7 6 4 4691.816638419783 2 1
tr 5 4 4 7 6 4 7447.327997491741 3 2
tr 5 4 4 7 6 4 6.570045018363332e6 4 1
ann 5 4 4 7 6 6 1.2821345574524023e-18 30 0
tr 5 4 4 7 6 6 51609.983022617744 2 1
tr 5 4 4 7 6 6 16384.12159448182 3 2
tr 5 4 4 7 6 6 4.818033013466437e6 4 1
ann 7 6 2 7 6 2 1.1788041866527882e-23 34 0
ann 7 6 2 7 6 4 3.283074667859298e-23 34 0
tr 7 6 2 7 6 4 137154.64462809887 2 1
ann 7 6 2 7 6 6 1.0696785382652144e-23 34 0
tr 7 6 2 7 6 6 2.695231636363621e7 4 1
tr 7 6 2 7 6 6 9.147452826446265e7 5 2
ann 7 6 4 7 6 4 1.4620603888388147e-23 34 0
ann 7 6 4 7 6 6 3.534176503296418e-23 34 0
tr 7 6 4 7 6 6 33526.690909090765 2 1
ann 7 6 6 7 6 6 3.3739209296063007e-23 34 0
