# GW NR rates, Nmax=3, solver convention (Numerics/gw_rates.jl).
# ann: rate = C alpha^p.  tr: rate = K alpha^(2-2L mass | 4-2L current) (dw/mu)^(2L+1)
# type na la ma nb lb mb coeff power kind
ann 2 1 1 2 1 1 6.77690974768085e-5 16 0
ann 2 1 1 3 1 1 9.519282118167974e-5 16 0
tr 2 1 1 3 1 1 6.92533995824479 2 1
ann 2 1 1 3 2 1 5.806305358116922e-6 16 0
tr 2 1 1 3 2 1 4.809263859892224 2 2
tr 2 1 1 3 2 1 22.79426180542284 3 1
ann 2 1 1 3 2 2 3.6289211102614454e-6 16 0
tr 2 1 1 3 2 2 3.2061759065948134 2 2
tr 2 1 1 3 2 2 7.598087268474278 3 1
ann 2 1 1 5 4 2 1.4432890752065582e-9 20 0
tr 2 1 1 5 4 2 7.005786894300891 3 1
tr 2 1 1 5 4 2 0.3923240660808499 4 2
tr 2 1 1 5 4 2 8.31855957764854 5 1
ann 2 1 1 5 4 4 1.78734417885663e-9 20 0
tr 2 1 1 5 4 4 13.07746886936165 3 1
tr 2 1 1 5 4 4 0.1743662515914883 4 2
tr 2 1 1 5 4 4 1.386426596274755 5 1
ann 3 1 1 3 1 1 8.357121334086104e-6 16 0
ann 3 1 1 3 2 1 2.038976575950605e-6 16 0
tr 3 1 1 3 2 1 21.599999999999994 2 2
tr 3 1 1 3 2 1 694.2857142857126 3 1
ann 3 1 1 3 2 2 1.2743536761572715e-6 16 0
tr 3 1 1 3 2 2 14.399999999999995 2 2
tr 3 1 1 3 2 2 231.42857142857082 3 1
ann 3 1 1 5 4 2 5.068338753287884e-10 20 0
tr 3 1 1 5 4 2 5794.867016883605 3 1
tr 3 1 1 5 4 2 324.5125529454818 4 2
tr 3 1 1 5 4 2 32232.56574342745 5 1
ann 3 1 1 5 4 4 6.276543149778716e-10 20 0
tr 3 1 1 5 4 4 10817.085098182717 3 1
tr 3 1 1 5 4 4 144.22780130910257 4 2
tr 3 1 1 5 4 4 5372.094290571235 5 1
ann 3 2 1 3 2 1 3.7758818349429376e-8 18 0
ann 3 2 1 3 2 2 4.719817917530709e-8 18 0
tr 3 2 1 3 2 2 518.3999999999996 2 1
tr 3 2 1 3 2 2 37.02857142857139 3 2
ann 3 2 1 5 4 2 2.717454833709111e-11 22 0
tr 3 2 1 5 4 2 546.1881233007454 2 1
tr 3 2 1 5 4 2 6.773166211566804 3 2
tr 3 2 1 5 4 2 3099.800747355588 4 1
tr 3 2 1 5 4 2 678.8559771138525 5 2
ann 3 2 1 5 4 4 2.9803151924138665e-11 22 0
tr 3 2 1 5 4 4 113.78919235432191 3 2
tr 3 2 1 5 4 4 7500.752425699927 4 1
tr 3 2 1 5 4 4 254.57099141769444 5 2
tr 3 2 1 5 4 4 6468.823401840321 6 1
ann 3 2 2 3 2 2 2.3599089587653566e-8 18 0
ann 3 2 2 5 4 2 3.056341741943928e-11 22 0
tr 3 2 2 5 4 2 204.82054623777944 2 1
tr 3 2 2 5 4 2 81.27799453880137 3 2
tr 3 2 2 5 4 2 6888.446105234623 4 1
tr 3 2 2 5 4 2 318.21373927211795 5 2
ann 3 2 2 5 4 4 4.8082312347869954e-11 22 0
tr 3 2 2 5 4 4 955.8292157763036 2 1
tr 3 2 2 5 4 4 75.85946156954779 3 2
tr 3 2 2 5 4 4 2143.0721216285488 4 1
ann 5 4 2 5 4 2 1.7797032271195224e-15 26 0
ann 5 4 2 5 4 4 4.203032535700961e-15 26 0
tr 5 4 2 5 4 4 5142.857142857132 2 1
tr 5 4 2 5 4 4 8265.30612244897 3 2
ann 5 4 4 5 4 4 3.561750874121409e-15 26 0
