# GW NR rates, Nmax=5, solver convention (Numerics/gw_rates.jl).
# ann: rate = C alpha^p.  tr: rate = K alpha^(2-2L mass | 4-2L current) (dw/mu)^(2L+1)
# type na la ma nb lb mb coeff power kind
ann 2 1 1 2 1 1 6.77690974768085e-5 16 0
ann 2 1 1 3 1 1 9.519282118167974e-5 16 0
tr 2 1 1 3 1 1 6.92533995824479 2 1
ann 2 1 1 3 2 1 5.806305358116922e-6 16 0
tr 2 1 1 3 2 1 4.809263859892224 2 2
tr 2 1 1 3 2 1 22.79426180542284 3 1
ann 2 1 1 3 2 2 3.6289211102614454e-6 16 0
tr 2 1 1 3 2 2 3.2061759065948134 2 2
tr 2 1 1 3 2 2 7.598087268474278 3 1
ann 2 1 1 4 1 1 4.2355694754945845e-5 16 0
tr 2 1 1 4 1 1 0.6651636789400664 2 1
ann 2 1 1 4 2 1 3.48771703837146e-6 16 0
tr 2 1 1 4 2 1 0.6235909490063131 2 2
ann 2 1 1 4 2 2 2.179811450832716e-6 16 0
tr 2 1 1 4 2 2 0.4157272993375419 2 2
ann 2 1 1 4 3 1 1.30335457179433e-7 18 0
tr 2 1 1 4 3 1 15.963928294561612 2 1
tr 2 1 1 4 3 1 1.5837230450953972 3 2
tr 2 1 1 4 3 1 23.83498527598009 4 1
ann 2 1 1 4 3 2 1.3623903745234787e-7 18 0
tr 2 1 1 4 3 2 26.60654715760269 2 1
tr 2 1 1 4 3 2 1.3197692042461653 3 2
tr 2 1 1 4 3 2 11.91749263799002 4 1
ann 2 1 1 4 3 3 1.3623888507151387e-7 18 0
tr 2 1 1 4 3 3 39.909820736404 2 1
tr 2 1 1 4 3 3 0.7918615225476985 3 2
tr 2 1 1 4 3 3 3.9724975459966787 4 1
ann 2 1 1 5 1 1 2.220658302234635e-5 16 0
tr 2 1 1 5 1 1 0.1931774583580324 2 1
ann 2 1 1 5 2 1 2.0479964029286446e-6 16 0
tr 2 1 1 5 2 1 0.20283633127593428 2 2
tr 2 1 1 5 2 1 0.039407551280442446 3 1
ann 2 1 1 5 2 2 1.2799909256879608e-6 16 0
tr 2 1 1 5 2 2 0.13522422085062277 2 2
tr 2 1 1 5 2 2 0.013135850426814148 3 1
ann 2 1 1 5 3 1 1.1195730660189626e-7 18 0
tr 2 1 1 5 3 1 6.05552195995792 2 1
tr 2 1 1 5 3 1 0.6007462261863012 3 2
tr 2 1 1 5 3 1 4.289257282225031 4 1
ann 2 1 1 5 3 2 1.1702844439305627e-7 18 0
tr 2 1 1 5 3 2 10.092536599929868 2 1
tr 2 1 1 5 3 2 0.5006218551552514 3 2
tr 2 1 1 5 3 2 2.1446286411125106 4 1
ann 2 1 1 5 3 3 1.170283146669334e-7 18 0
tr 2 1 1 5 3 3 15.13880489989479 2 1
tr 2 1 1 5 3 3 0.30037311309315057 3 2
tr 2 1 1 5 3 3 0.7148762137041711 4 1
ann 2 1 1 5 4 1 1.2658468561137382e-9 20 0
tr 2 1 1 5 4 1 4.670524596200595 3 1
tr 2 1 1 5 4 1 0.43591562897872255 4 2
tr 2 1 1 5 4 1 13.864265962747576 5 1
ann 2 1 1 5 4 2 1.4432890752065582e-9 20 0
tr 2 1 1 5 4 2 7.005786894300891 3 1
tr 2 1 1 5 4 2 0.3923240660808499 4 2
tr 2 1 1 5 4 2 8.31855957764854 5 1
ann 2 1 1 5 4 3 1.617121516120856e-9 20 0
tr 2 1 1 5 4 3 9.808101652021241 3 1
tr 2 1 1 5 4 3 0.30514094028510663 4 2
tr 2 1 1 5 4 3 4.159279788824265 5 1
ann 2 1 1 5 4 4 1.78734417885663e-9 20 0
tr 2 1 1 5 4 4 13.07746886936165 3 1
tr 2 1 1 5 4 4 0.1743662515914883 4 2
tr 2 1 1 5 4 4 1.386426596274755 5 1
ann 2 1 1 7 6 2 3.42144355098185e-14 24 0
tr 2 1 1 7 6 2 0.3268028113470614 5 1
tr 2 1 1 7 6 2 0.01433238513794395 6 2
tr 2 1 1 7 6 2 0.929564895995365 7 1
ann 2 1 1 7 6 4 4.524879406249171e-14 24 0
tr 2 1 1 7 6 4 0.5252188039506341 5 1
tr 2 1 1 7 6 4 0.010749288853457972 6 2
tr 2 1 1 7 6 4 0.3718259583981446 7 1
ann 2 1 1 7 6 6 5.771634232805647e-14 24 0
tr 2 1 1 7 6 6 0.7703209124609309 5 1
tr 2 1 1 7 6 6 0.004299715541383177 6 2
tr 2 1 1 7 6 6 0.06197099306635727 7 1
ann 2 1 1 9 8 2 2.1434471952855238e-19 28 0
tr 2 1 1 9 8 2 0.006133576049765325 7 1
tr 2 1 1 9 8 2 0.0001948757822637858 8 2
tr 2 1 1 9 8 2 0.026647430681549487 9 1
ann 2 1 1 9 8 4 2.7976102848625264e-19 28 0
tr 2 1 1 9 8 4 0.00899591153965583 7 1
tr 2 1 1 9 8 4 0.0001670363847975307 8 2
tr 2 1 1 9 8 4 0.014275409293687166 9 1
ann 2 1 1 9 8 6 3.5392468400512325e-19 28 0
tr 2 1 1 9 8 6 0.01240345378952543 7 1
tr 2 1 1 9 8 6 0.00011692546935827132 8 2
tr 2 1 1 9 8 6 0.005710163717474867 9 1
ann 2 1 1 9 8 8 4.368356860851645e-19 28 0
tr 2 1 1 9 8 8 0.016356202799374223 7 1
tr 2 1 1 9 8 8 4.454303594600826e-5 8 2
tr 2 1 1 9 8 8 0.0009516939529124711 9 1
ann 3 1 1 3 1 1 8.357121334086104e-6 16 0
ann 3 1 1 3 2 1 2.038976575950605e-6 16 0
tr 3 1 1 3 2 1 21.599999999999994 2 2
tr 3 1 1 3 2 1 694.2857142857126 3 1
ann 3 1 1 3 2 2 1.2743536761572715e-6 16 0
tr 3 1 1 3 2 2 14.399999999999995 2 2
tr 3 1 1 3 2 2 231.42857142857082 3 1
ann 3 1 1 4 1 1 1.4873881232560514e-5 16 0
tr 3 1 1 4 1 1 140.60865904293436 2 1
ann 3 1 1 4 2 1 1.2247673703281657e-6 16 0
tr 3 1 1 4 2 1 12.210227362542172 2 2
tr 3 1 1 4 2 1 1967.6254395628557 3 1
ann 3 1 1 4 2 2 7.654756472505342e-7 16 0
tr 3 1 1 4 2 2 8.140151575028112 2 2
tr 3 1 1 4 2 2 655.8751465209517 3 1
ann 3 1 1 4 3 1 4.576936736803909e-8 18 0
tr 3 1 1 4 3 1 1275.9743534090208 2 1
tr 3 1 1 4 3 1 126.58475728264094 3 2
tr 3 1 1 4 3 1 9680.372971610266 4 1
ann 3 1 1 4 3 2 4.78425054776512e-8 18 0
tr 3 1 1 4 3 2 2126.623922348369 2 1
tr 3 1 1 4 3 2 105.48729773553414 3 2
tr 3 1 1 4 3 2 4840.186485805119 4 1
ann 3 1 1 4 3 3 4.7842454629139146e-8 18 0
tr 3 1 1 4 3 3 3189.9358835225507 2 1
tr 3 1 1 4 3 3 63.292378641320454 3 2
tr 3 1 1 4 3 3 1613.3954952683757 4 1
ann 3 1 1 5 1 1 7.79819761961231e-6 16 0
tr 3 1 1 5 1 1 11.754907447425442 2 1
ann 3 1 1 5 2 1 7.191865455999479e-7 16 0
tr 3 1 1 5 2 1 1.8796663425746365 2 2
tr 3 1 1 5 2 1 8.195531115995792 3 1
ann 3 1 1 5 2 2 4.4948928125940614e-7 16 0
tr 3 1 1 5 2 2 1.2531108950497571 2 2
tr 3 1 1 5 2 2 2.7318437053319298 3 1
ann 3 1 1 5 3 1 3.931558768650245e-8 18 0
tr 3 1 1 5 3 1 0.849625969578937 2 1
tr 3 1 1 5 3 1 0.08428829063283104 3 2
tr 3 1 1 5 3 1 2064.4928105021686 4 1
ann 3 1 1 5 3 2 4.1096400096588876e-8 18 0
tr 3 1 1 5 3 2 1.4160432826315619 2 1
tr 3 1 1 5 3 2 0.0702402421940259 3 2
tr 3 1 1 5 3 2 1032.2464052510818 4 1
ann 3 1 1 5 3 3 4.109635682821791e-8 18 0
tr 3 1 1 5 3 3 2.124064923947341 2 1
tr 3 1 1 5 3 3 0.042144145316415506 3 2
tr 3 1 1 5 3 3 344.08213508369437 4 1
ann 3 1 1 5 4 1 4.4452221284969786e-10 20 0
tr 3 1 1 5 4 1 3863.2446779224038 3 1
tr 3 1 1 5 4 1 360.5695032727579 4 2
tr 3 1 1 5 4 1 53720.94290571248 5 1
ann 3 1 1 5 4 2 5.068338753287884e-10 20 0
tr 3 1 1 5 4 2 5794.867016883605 3 1
tr 3 1 1 5 4 2 324.5125529454818 4 2
tr 3 1 1 5 4 2 32232.56574342745 5 1
ann 3 1 1 5 4 3 5.67877909371513e-10 20 0
tr 3 1 1 5 4 3 8112.813823637039 3 1
tr 3 1 1 5 4 3 252.39865229093127 4 2
tr 3 1 1 5 4 3 16116.28287171371 5 1
ann 3 1 1 5 4 4 6.276543149778716e-10 20 0
tr 3 1 1 5 4 4 10817.085098182717 3 1
tr 3 1 1 5 4 4 144.22780130910257 4 2
tr 3 1 1 5 4 4 5372.094290571235 5 1
ann 3 1 1 7 6 2 1.2014940562037507e-14 24 0
tr 3 1 1 7 6 2 16849.582170559017 5 1
tr 3 1 1 7 6 2 738.961516537936 6 2
tr 3 1 1 7 6 2 215948.74198127433 7 1
ann 3 1 1 7 6 4 1.588983046369278e-14 24 0
tr 3 1 1 7 6 4 27079.685631255546 5 1
tr 3 1 1 7 6 4 554.2211374034524 6 2
tr 3 1 1 7 6 4 86379.49679250945 7 1
ann 3 1 1 7 6 6 2.0268007678224713e-14 24 0
tr 3 1 1 7 6 6 39716.87225917484 5 1
tr 3 1 1 7 6 6 221.68845496138033 6 2
tr 3 1 1 7 6 6 14396.582798751539 7 1
ann 3 1 1 9 8 2 7.527053071431407e-20 28 0
tr 3 1 1 9 8 2 14552.610573282376 7 1
tr 3 1 1 9 8 2 462.3650781271636 8 2
tr 3 1 1 9 8 2 284725.59299627127 9 1
ann 3 1 1 9 8 4 9.82425007557238e-20 28 0
tr 3 1 1 9 8 4 21343.8288408142 7 1
tr 3 1 1 9 8 4 396.3129241089974 8 2
tr 3 1 1 9 8 4 152531.56767657326 9 1
ann 3 1 1 9 8 6 1.242862397283265e-19 28 0
tr 3 1 1 9 8 6 29428.612492637687 7 1
tr 3 1 1 9 8 6 277.4190468762978 8 2
tr 3 1 1 9 8 6 61012.627070629314 9 1
ann 3 1 1 9 8 8 1.5340174763212205e-19 28 0
tr 3 1 1 9 8 8 38806.96152875307 7 1
tr 3 1 1 9 8 8 105.68344642906617 8 2
tr 3 1 1 9 8 8 10168.771178438148 9 1
ann 3 2 1 3 2 1 3.7758818349429376e-8 18 0
ann 3 2 1 3 2 2 4.719817917530709e-8 18 0
tr 3 2 1 3 2 2 518.3999999999996 2 1
tr 3 2 1 3 2 2 37.02857142857139 3 2
ann 3 2 1 4 1 1 9.072350080166173e-7 16 0
tr 3 2 1 4 1 1 0.36178451444569376 2 2
tr 3 2 1 4 1 1 440.8938484946399 3 1
ann 3 2 1 4 2 1 9.072348721380434e-8 18 0
tr 3 2 1 4 2 1 46.86774484514322 2 1
tr 3 2 1 4 2 1 26.78156848293893 3 2
tr 3 2 1 4 2 1 4405.645299079511 4 1
ann 3 2 1 4 2 2 2.835088635694768e-8 18 0
tr 3 2 1 4 2 2 281.2064690708587 2 1
tr 3 2 1 4 2 2 20.086176362204192 3 2
tr 3 2 1 4 2 2 1376.7641559623453 4 1
ann 3 2 1 4 3 1 2.0040832945038524e-9 20 0
tr 3 2 1 4 3 1 25.516883304577938 2 2
tr 3 2 1 4 3 1 196.76254395628735 3 1
tr 3 2 1 4 3 1 234.24112375748328 4 2
tr 3 2 1 4 3 1 15448.366633135971 5 1
ann 3 2 1 4 3 2 2.143332725701869e-9 20 0
tr 3 2 1 4 3 2 1475.719079672146 3 1
tr 3 2 1 4 3 2 229.55630128233423 4 2
tr 3 2 1 4 3 2 7415.215983905272 5 1
ann 3 2 1 4 3 3 1.718246407342167e-9 20 0
tr 3 2 1 4 3 3 63.792208261444756 2 2
tr 3 2 1 4 3 3 2459.5317994535712 3 1
tr 3 2 1 4 3 3 126.49020682904096 4 2
tr 3 2 1 4 3 3 2162.771328639033 5 1
ann 3 2 1 5 1 1 4.7565241503652864e-7 16 0
tr 3 2 1 5 1 1 0.04972662281943484 2 2
tr 3 2 1 5 1 1 14.838251163487941 3 1
ann 3 2 1 5 2 1 5.327306346909098e-8 18 0
tr 3 2 1 5 2 1 3.3715316253132506 2 1
tr 3 2 1 5 2 1 1.9265895001789963 3 2
tr 3 2 1 5 2 1 18.14240949526812 4 1
ann 3 2 1 5 2 2 1.664771373912745e-8 18 0
tr 3 2 1 5 2 2 20.229189751879453 2 1
tr 3 2 1 5 2 2 1.4449421251342467 3 2
tr 3 2 1 5 2 2 5.6695029672712804 4 1
ann 3 2 1 5 3 1 1.7214944761491609e-9 20 0
tr 3 2 1 5 3 1 2.6852376322494833 2 2
tr 3 2 1 5 3 1 1.1853040870241955 3 1
tr 3 2 1 5 3 1 1.4110762940764137 4 2
tr 3 2 1 5 3 1 6525.867699916483 5 1
ann 3 2 1 5 3 2 1.841108828124952e-9 20 0
tr 3 2 1 5 3 2 8.889780652681413 3 1
tr 3 2 1 5 3 2 1.3828547681948886 4 2
tr 3 2 1 5 3 2 3132.4164959599148 5 1
ann 3 2 1 5 3 3 1.4759624770657865e-9 20 0
tr 3 2 1 5 3 3 6.713094080623699 2 2
tr 3 2 1 5 3 3 14.816301087802321 3 1
tr 3 2 1 5 3 3 0.7619811988012632 4 2
tr 3 2 1 5 3 3 913.6214779883064 5 1
ann 3 2 1 5 4 1 2.608863538946083e-11 22 0
tr 3 2 1 5 4 1 409.6410924755599 2 1
tr 3 2 1 5 4 1 40.63899726940071 3 2
tr 3 2 1 5 4 1 382.69145029081665 4 1
tr 3 2 1 5 4 1 636.4274785442378 5 2
tr 3 2 1 5 4 1 86250.97869120397 6 1
ann 3 2 1 5 4 2 2.717454833709111e-11 22 0
tr 3 2 1 5 4 2 546.1881233007454 2 1
tr 3 2 1 5 4 2 6.773166211566804 3 2
tr 3 2 1 5 4 2 3099.800747355588 4 1
tr 3 2 1 5 4 2 678.8559771138525 5 2
ann 3 2 1 5 4 3 2.7894291051757943e-11 22 0
tr 3 2 1 5 4 3 477.9146078881516 2 1
tr 3 2 1 5 4 3 9.482432696193497 3 2
tr 3 2 1 5 4 3 6697.100380089224 4 1
tr 3 2 1 5 4 3 530.3562321201968 5 2
ann 3 2 1 5 4 4 2.9803151924138665e-11 22 0
tr 3 2 1 5 4 4 113.78919235432191 3 2
tr 3 2 1 5 4 4 7500.752425699927 4 1
tr 3 2 1 5 4 4 254.57099141769444 5 2
tr 3 2 1 5 4 4 6468.823401840321 6 1
ann 3 2 1 7 6 2 1.3594059556561963e-15 26 0
tr 3 2 1 7 6 2 904.8798270562579 4 1
tr 3 2 1 7 6 2 25.912467774792827 5 2
tr 3 2 1 7 6 2 5155.274953843056 6 1
tr 3 2 1 7 6 2 1530.0928900485949 7 2
tr 3 2 1 7 6 2 357298.84665146127 8 1
ann 3 2 1 7 6 4 1.4116514922027802e-15 26 0
tr 3 2 1 7 6 4 969.5141004174175 4 1
tr 3 2 1 7 6 4 4.6272263883558304 5 2
tr 3 2 1 7 6 4 21050.706061525863 6 1
tr 3 2 1 7 6 4 1199.5928257980968 7 2
tr 3 2 1 7 6 4 124771.02581479496 8 1
ann 3 2 1 7 6 6 1.3559106901288043e-15 26 0
tr 3 2 1 7 6 6 169.66496757304827 5 2
tr 3 2 1 7 6 6 20792.942313833686 6 1
tr 3 2 1 7 6 6 330.5000642504964 7 2
tr 3 2 1 7 6 6 14745.66668720323 8 1
ann 3 2 1 9 8 2 1.5551793052571616e-20 30 0
tr 3 2 1 9 8 2 649.828764479381 6 1
tr 3 2 1 9 8 2 16.83628415623397 7 2
tr 3 2 1 9 8 2 2842.7942001593947 8 1
tr 3 2 1 9 8 2 963.8314288534935 9 2
tr 3 2 1 9 8 2 494410.36444231804 10 1
ann 3 2 1 9 8 4 1.693565540430722e-20 30 0
tr 3 2 1 9 8 4 794.2351565859134 6 1
tr 3 2 1 9 8 4 0.9877286704990635 7 2
tr 3 2 1 9 8 4 13266.372934077273 8 1
tr 3 2 1 9 8 4 917.9346941461869 9 2
tr 3 2 1 9 8 4 243459.6491572029 10 1
ann 3 2 1 9 8 6 1.622911984850824e-20 30 0
tr 3 2 1 9 8 6 657.0490840847076 6 1
tr 3 2 1 9 8 6 12.256814865738345 7 2
tr 3 2 1 9 8 6 22931.873214619198 8 1
tr 3 2 1 9 8 6 573.7091838413623 9 2
tr 3 2 1 9 8 6 80261.42279907783 10 1
ann 3 2 1 9 8 8 1.274620764866692e-20 30 0
tr 3 2 1 9 8 8 87.99764518991614 7 2
tr 3 2 1 9 8 8 16244.53828662516 8 1
tr 3 2 1 9 8 8 137.69020412192782 9 2
tr 3 2 1 9 8 8 9096.294583895475 10 1
ann 3 2 2 3 2 2 2.3599089587653566e-8 18 0
ann 3 2 2 4 1 1 5.67018944647662e-7 16 0
tr 3 2 2 4 1 1 0.241189676297129 2 2
tr 3 2 2 4 1 1 146.96461616487994 3 1
ann 3 2 2 4 2 1 2.8350886356947655e-8 18 0
tr 3 2 2 4 2 1 281.2064690708585 2 1
tr 3 2 2 4 2 1 20.086176362204192 3 2
tr 3 2 2 4 2 1 1376.7641559623453 4 1
ann 3 2 2 4 2 2 5.670177271389571e-8 18 0
tr 3 2 2 4 2 2 187.47097938057223 2 1
tr 3 2 2 4 2 2 6.695392120734725 3 2
tr 3 2 2 4 2 2 275.3528311924706 4 1
ann 3 2 2 4 3 1 1.6681320093707085e-9 20 0
tr 3 2 2 4 3 1 38.27532495686687 2 2
tr 3 2 2 4 3 1 2361.150527475432 3 1
tr 3 2 2 4 3 1 187.39289900598658 4 2
tr 3 2 2 4 3 1 4634.509989940789 5 1
ann 3 2 2 4 3 2 2.085161282867727e-9 20 0
tr 3 2 2 4 3 2 63.79220826144478 2 2
tr 3 2 2 4 3 2 1967.6254395628566 3 1
tr 3 2 2 4 3 2 93.6964495029934 4 2
tr 3 2 2 4 3 2 1544.8366633135963 5 1
ann 3 2 2 4 3 3 2.8189910339188486e-9 20 0
tr 3 2 2 4 3 3 63.79220826144478 2 2
tr 3 2 2 4 3 3 983.8127197814296 3 1
tr 3 2 2 4 3 3 28.108934850897736 4 2
tr 3 2 2 4 3 3 308.96733266271764 5 1
ann 3 2 2 5 1 1 2.9728122978328613e-7 16 0
tr 3 2 2 5 1 1 0.03315108187962319 2 2
tr 3 2 2 5 1 1 4.946083721162646 3 1
ann 3 2 2 5 2 1 1.6647713739127494e-8 18 0
tr 3 2 2 5 2 1 20.229189751879446 2 1
tr 3 2 2 5 2 1 1.4449421251342467 3 2
tr 3 2 2 5 2 1 5.6695029672712804 4 1
ann 3 2 2 5 2 2 3.329542747825533e-8 18 0
tr 3 2 2 5 2 2 13.486126501252954 2 1
tr 3 2 2 5 2 2 0.4816473750447486 3 2
tr 3 2 2 5 2 2 1.1339005934542619 4 1
ann 3 2 2 5 3 1 1.4329145199809635e-9 20 0
tr 3 2 2 5 3 1 4.02785644837422 2 2
tr 3 2 2 5 3 1 14.223649044290248 3 1
tr 3 2 2 5 3 1 1.1288610352611304 4 2
tr 3 2 2 5 3 1 1957.7603099749438 5 1
ann 3 2 2 5 3 2 1.7911399729132595e-9 20 0
tr 3 2 2 5 3 2 6.713094080623701 2 2
tr 3 2 2 5 3 2 11.853040870241848 3 1
tr 3 2 2 5 3 2 0.5644305176305661 4 2
tr 3 2 2 5 3 2 652.5867699916482 5 1
ann 3 2 2 5 3 3 2.421494964608212e-9 20 0
tr 3 2 2 5 3 3 6.713094080623701 2 2
tr 3 2 2 5 3 3 5.926520435120934 3 1
tr 3 2 2 5 3 3 0.16932915528916806 4 2
tr 3 2 2 5 3 3 130.51735399832893 5 1
ann 3 2 2 5 4 1 2.3293090621589115e-11 22 0
tr 3 2 2 5 4 1 68.2735154125929 2 1
tr 3 2 2 5 4 1 54.185329692534296 3 2
tr 3 2 2 5 4 1 7653.829005816258 4 1
tr 3 2 2 5 4 1 530.356232120197 5 2
tr 3 2 2 5 4 1 25156.535451601165 6 1
ann 3 2 2 5 4 2 3.056341741943928e-11 22 0
tr 3 2 2 5 4 2 204.82054623777944 2 1
tr 3 2 2 5 4 2 81.27799453880137 3 2
tr 3 2 2 5 4 2 6888.446105234623 4 1
tr 3 2 2 5 4 2 318.21373927211795 5 2
ann 3 2 2 5 4 3 3.894273213600431e-11 22 0
tr 3 2 2 5 4 3 477.9146078881516 2 1
tr 3 2 2 5 4 3 94.82432696193501 3 2
tr 3 2 2 5 4 3 4821.912273664237 4 1
ann 3 2 2 5 4 4 4.8082312347869954e-11 22 0
tr 3 2 2 5 4 4 955.8292157763036 2 1
tr 3 2 2 5 4 4 75.85946156954779 3 2
tr 3 2 2 5 4 4 2143.0721216285488 4 1
ann 3 2 2 7 6 2 1.1711849112771736e-15 26 0
tr 3 2 2 7 6 2 282.7749459550798 4 1
tr 3 2 2 7 6 2 86.37489258264274 5 2
tr 3 2 2 7 6 2 24057.94978460097 6 1
tr 3 2 2 7 6 2 856.8520184272131 7 2
tr 3 2 2 7 6 2 79399.74370032412 8 1
ann 3 2 2 7 6 4 1.9098059126162794e-15 26 0
tr 3 2 2 7 6 4 848.3248378652399 4 1
tr 3 2 2 7 6 4 111.05343332054066 5 2
tr 3 2 2 7 6 4 15465.824861529158 6 1
tr 3 2 2 7 6 4 306.0185780097188 7 2
ann 3 2 2 7 6 6 2.8613622478722587e-15 26 0
tr 3 2 2 7 6 6 1999.6228321109236 4 1
tr 3 2 2 7 6 6 67.86598702921921 5 2
tr 3 2 2 7 6 6 3780.5349661515647 6 1
ann 3 2 2 9 8 2 1.0373964347063669e-20 30 0
tr 3 2 2 9 8 2 189.53338963981912 6 1
tr 3 2 2 9 8 2 37.71327650996409 7 2
tr 3 2 2 9 8 2 22742.353601275223 8 1
tr 3 2 2 9 8 2 602.3946430334337 9 2
tr 3 2 2 9 8 2 112365.99191870898 10 1
ann 3 2 2 9 8 4 1.6597703053503705e-20 30 0
tr 3 2 2 9 8 4 446.75727557957447 6 1
tr 3 2 2 9 8 4 49.38643352495292 7 2
tr 3 2 2 9 8 4 17868.99211528764 8 1
tr 3 2 2 9 8 4 301.1973215167173 9 2
tr 3 2 2 9 8 4 37455.33063956966 10 1
ann 3 2 2 9 8 6 2.49947919085258e-20 30 0
tr 3 2 2 9 8 6 903.4424906164725 6 1
tr 3 2 2 9 8 6 49.0272594629533 7 2
tr 3 2 2 9 8 6 9855.019893885908 8 1
tr 3 2 2 9 8 6 100.39910717223904 9 2
ann 3 2 2 9 8 8 3.590302845076567e-20 30 0
tr 3 2 2 9 8 8 1642.6227102117703 6 1
tr 3 2 2 9 8 8 25.142184339976065 7 2
tr 3 2 2 9 8 8 2165.93843821667 8 1
ann 4 1 1 4 1 1 1.6545196448416275e-6 16 0
ann 4 1 1 4 2 1 5.449556645937045e-7 16 0
tr 4 1 1 4 2 1 92.15999999999998 2 2
tr 4 1 1 4 2 1 32914.28571428564 3 1
ann 4 1 1 4 2 2 3.4059555190856293e-7 16 0
tr 4 1 1 4 2 2 61.43999999999996 2 2
tr 4 1 1 4 2 2 10971.428571428543 3 1
ann 4 1 1 4 3 1 2.0364908405746693e-8 18 0
tr 4 1 1 4 3 1 3686.3999999999965 2 1
tr 4 1 1 4 3 1 365.7142857142853 3 2
tr 4 1 1 4 3 1 122879.99999999975 4 1
ann 4 1 1 4 3 2 2.128734375616286e-8 18 0
tr 4 1 1 4 3 2 6143.999999999997 2 1
tr 4 1 1 4 3 2 304.76190476190453 3 2
tr 4 1 1 4 3 2 61439.999999999716 4 1
ann 4 1 1 4 3 3 2.1287321545933464e-8 18 0
tr 4 1 1 4 3 3 9215.999999999987 2 1
tr 4 1 1 4 3 3 182.8571428571426 3 2
tr 4 1 1 4 3 3 20479.99999999993 4 1
ann 4 1 1 5 1 1 3.4697792574590544e-6 16 0
tr 4 1 1 5 1 1 1178.8833478411234 2 1
ann 4 1 1 5 2 1 3.199993659361271e-7 16 0
tr 4 1 1 5 2 1 25.996430561342024 2 2
tr 4 1 1 5 2 1 44979.92664602651 3 1
ann 4 1 1 5 2 2 1.999985896055892e-7 16 0
tr 4 1 1 5 2 2 17.33095370756134 2 2
tr 4 1 1 5 2 2 14993.308882008836 3 1
ann 4 1 1 5 3 1 1.749332333382497e-8 18 0
tr 4 1 1 5 3 1 9727.079953260545 2 1
tr 4 1 1 5 3 1 964.9880906012442 3 2
tr 4 1 1 5 3 1 793256.7124753648 4 1
ann 4 1 1 5 3 2 1.8285689414940003e-8 18 0
tr 4 1 1 5 3 2 16211.799922100918 2 1
tr 4 1 1 5 3 2 804.1567421677039 3 2
tr 4 1 1 5 3 2 396628.35623768147 4 1
ann 4 1 1 5 3 3 1.828567051900114e-8 18 0
tr 4 1 1 5 3 3 24317.699883151356 2 1
tr 4 1 1 5 3 3 482.4940453006221 3 2
tr 4 1 1 5 3 3 132209.45207922734 4 1
ann 4 1 1 5 4 1 1.9778848722424167e-10 20 0
tr 4 1 1 5 4 1 112090.14817000565 3 1
tr 4 1 1 5 4 1 10461.74716253387 4 2
tr 4 1 1 5 4 1 5.306676563396365e6 5 1
ann 4 1 1 5 4 2 2.2551382889787288e-10 20 0
tr 4 1 1 5 4 2 168135.22225500847 3 1
tr 4 1 1 5 4 2 9415.57244628047 4 2
tr 4 1 1 5 4 2 3.1840059380378155e6 5 1
ann 4 1 1 5 4 3 2.5267514444793644e-10 20 0
tr 4 1 1 5 4 3 235389.3111570117 3 1
tr 4 1 1 5 4 3 7323.223013773727 4 2
tr 4 1 1 5 4 3 1.5920029690189064e6 5 1
ann 4 1 1 5 4 4 2.7927243387443244e-10 20 0
tr 4 1 1 5 4 4 313852.4148760155 3 1
tr 4 1 1 5 4 4 4184.698865013532 4 2
tr 4 1 1 5 4 4 530667.6563396355 5 1
ann 4 1 1 7 6 2 5.346002400175447e-15 24 0
tr 4 1 1 7 6 2 1.5803762271794768e7 5 1
tr 4 1 1 7 6 2 693095.6516996542 6 2
tr 4 1 1 7 6 2 6.083924975367782e8 7 1
ann 4 1 1 7 6 4 7.070120057886612e-15 24 0
tr 4 1 1 7 6 4 2.5398903651098717e7 5 1
tr 4 1 1 7 6 4 519821.738774741 6 2
tr 4 1 1 7 6 4 2.4335699901471043e8 7 1
ann 4 1 1 7 6 6 9.018173513139527e-15 24 0
tr 4 1 1 7 6 6 3.7251725354944825e7 5 1
tr 4 1 1 7 6 6 207928.69550989592 6 2
tr 4 1 1 7 6 6 4.055949983578497e7 7 1
ann 4 1 1 9 8 2 3.3491336628853513e-20 28 0
tr 4 1 1 9 8 2 2.7162276564981127e8 7 1
tr 4 1 1 9 8 2 8.629989830921741e6 8 2
tr 4 1 1 9 8 2 1.5532412071978374e10 9 1
ann 4 1 1 9 8 4 4.3712627542939043e-20 28 0
tr 4 1 1 9 8 4 3.9838005628639066e8 7 1
tr 4 1 1 9 8 4 7.397134140790066e6 8 2
tr 4 1 1 9 8 4 8.320935038559811e9 9 1
ann 4 1 1 9 8 6 5.530069039412904e-20 28 0
tr 4 1 1 9 8 6 5.492815927585069e8 7 1
tr 4 1 1 9 8 6 5.177993898553041e6 8 2
tr 4 1 1 9 8 6 3.3283740154239244e9 9 1
ann 4 1 1 9 8 8 6.825552518242348e-20 28 0
tr 4 1 1 9 8 8 7.243273750661641e8 7 1
tr 4 1 1 9 8 8 1.9725691042106883e6 8 2
tr 4 1 1 9 8 8 5.547290025706501e8 9 1
ann 4 2 1 4 2 1 1.3623888888788435e-8 18 0
ann 4 2 1 4 2 2 1.702974079231188e-8 18 0
tr 4 2 1 4 2 2 8294.399999999994 2 1
tr 4 2 1 4 2 2 592.4571428571422 3 2
ann 4 2 1 4 3 1 1.2038077017293955e-9 20 0
tr 4 2 1 4 3 1 61.44000000000005 2 2
tr 4 2 1 4 3 1 2438.0952380952544 3 1
tr 4 2 1 4 3 1 2902.4943310657586 4 2
ann 4 2 1 4 3 2 1.2874517068658132e-9 20 0
tr 4 2 1 4 3 2 18285.714285714294 3 1
tr 4 2 1 4 3 2 2844.4444444444493 4 2
tr 4 2 1 4 3 2 333637.8181818179 5 1
ann 4 2 1 4 3 3 1.032111882172705e-9 20 0
tr 4 2 1 4 3 3 153.5999999999999 2 2
tr 4 2 1 4 3 3 30476.190476190426 3 1
ann 4 2 1 5 1 1 2.857137077619094e-7 16 0
tr 4 2 1 5 1 1 1.9784479386024085 2 2
tr 4 2 1 5 1 1 15880.311104282671 3 1
ann 4 2 1 5 2 1 3.199992944529731e-8 18 0
tr 4 2 1 5 2 1 492.5460045777199 2 1
tr 4 2 1 5 2 1 281.4548597586964 3 2
tr 4 2 1 5 2 1 431777.79290129384 4 1
ann 4 2 1 5 2 2 9.999907805086261e-9 18 0
tr 4 2 1 5 2 2 2955.276027466312 2 1
tr 4 2 1 5 2 2 211.09114481902225 3 2
tr 4 2 1 5 2 2 134930.56028165415 4 1
ann 4 2 1 5 3 1 1.0340629626305123e-9 20 0
tr 4 2 1 5 3 1 48.2334543136887 2 2
tr 4 2 1 5 3 1 6390.0052939510515 3 1
tr 4 2 1 5 3 1 7607.149159465486 4 2
tr 4 2 1 5 3 1 5.414171243230749e6 5 1
ann 4 2 1 5 3 2 1.1059126167725454e-9 20 0
tr 4 2 1 5 3 2 47925.039704632596 3 1
tr 4 2 1 5 3 2 7455.006176276193 4 2
tr 4 2 1 5 3 2 2.598802196750762e6 5 1
ann 4 2 1 5 3 3 8.86577387103075e-10 20 0
tr 4 2 1 5 3 3 120.5836357842216 2 2
tr 4 2 1 5 3 3 79875.0661743875 3 1
tr 4 2 1 5 3 3 4107.860546111361 4 2
tr 4 2 1 5 3 3 757983.9740523037 5 1
ann 4 2 1 5 4 1 1.5670855219938764e-11 22 0
tr 4 2 1 5 4 1 11115.528566117575 2 1
tr 4 2 1 5 4 1 1102.7310085434083 3 2
tr 4 2 1 5 4 1 37737.345706988024 4 1
ann 4 2 1 5 4 2 1.63231388744462e-11 22 0
tr 4 2 1 5 4 2 14820.704754823404 2 1
tr 4 2 1 5 4 2 183.78850142390198 3 2
tr 4 2 1 5 4 2 305672.50022660044 4 1
ann 4 2 1 5 4 3 1.675547194735411e-11 22 0
tr 4 2 1 5 4 3 12968.11666047046 2 1
tr 4 2 1 5 4 3 257.3039019934619 3 2
tr 4 2 1 5 4 3 660403.5498722842 4 1
ann 4 2 1 5 4 4 1.790208069956624e-11 22 0
tr 4 2 1 5 4 4 3087.646823921542 3 2
tr 4 2 1 5 4 4 739651.9758569576 4 1
tr 4 2 1 5 4 4 25103.33978666037 5 2
tr 4 2 1 5 4 4 2.0082049068080997e6 6 1
ann 4 2 1 7 6 2 8.165644749953068e-16 26 0
tr 4 2 1 7 6 2 830330.3654451065 4 1
tr 4 2 1 7 6 2 23777.642283200767 5 2
tr 4 2 1 7 6 2 1.4568940265850835e7 6 1
ann 4 2 1 7 6 4 8.479471905348061e-16 26 0
tr 4 2 1 7 6 4 889639.6772626125 4 1
tr 4 2 1 7 6 4 4246.007550571537 5 2
tr 4 2 1 7 6 4 5.948983941889106e7 6 1
ann 4 2 1 7 6 6 8.144649124774951e-16 26 0
tr 4 2 1 7 6 6 155686.94352095746 5 2
tr 4 2 1 7 6 6 5.876139240559843e7 6 1
tr 4 2 1 7 6 6 934001.7238723462 7 2
tr 4 2 1 7 6 6 1.2162639814536649e8 8 1
ann 4 2 1 9 8 2 9.341610629232823e-21 30 0
tr 4 2 1 9 8 2 1.1944580191745596e7 6 1
tr 4 2 1 9 8 2 309469.7514602456 7 2
tr 4 2 1 9 8 2 1.5483122752884454e8 8 1
tr 4 2 1 9 8 2 5.249455034483299e7 9 2
tr 4 2 1 9 8 2 7.750741797595274e10 10 1
ann 4 2 1 9 8 4 1.0172865506418724e-20 30 0
tr 4 2 1 9 8 4 1.4598931345466908e7 6 1
tr 4 2 1 9 8 4 18155.55875233448 7 2
tr 4 2 1 9 8 4 7.225457284679465e8 8 1
ann 4 2 1 9 8 6 9.748465513763147e-21 30 0
tr 4 2 1 9 8 6 1.2077297749431668e7 6 1
tr 4 2 1 9 8 6 225293.97906305906 7 2
tr 4 2 1 9 8 6 1.2489719020660164e9 8 1
ann 4 2 1 9 8 8 7.65635863727471e-21 30 0
tr 4 2 1 9 8 8 1.6174952342988816e6 7 2
tr 4 2 1 9 8 8 8.847498715933996e8 8 1
tr 4 2 1 9 8 8 7.499221477833294e6 9 2
tr 4 2 1 9 8 8 1.4260022787783527e9 10 1
ann 4 2 2 4 2 2 8.514870396155942e-9 18 0
ann 4 2 2 4 3 1 1.0020092896067772e-9 20 0
tr 4 2 2 4 3 1 92.15999999999998 2 2
tr 4 2 2 4 3 1 29257.142857142844 3 1
tr 4 2 2 4 3 1 2321.995464852606 4 2
ann 4 2 2 4 3 2 1.2525094195779875e-9 20 0
tr 4 2 2 4 3 2 153.59999999999997 2 2
tr 4 2 2 4 3 2 24380.95238095233 3 1
ann 4 2 2 4 3 3 1.6933044943885535e-9 20 0
tr 4 2 2 4 3 3 153.59999999999997 2 2
tr 4 2 2 4 3 3 12190.476190476184 3 1
ann 4 2 2 5 1 1 1.7857016151905297e-7 16 0
tr 4 2 2 5 1 1 1.3189652924016044 2 2
tr 4 2 2 5 1 1 5293.437034760889 3 1
ann 4 2 2 5 2 1 9.999907805086258e-9 18 0
tr 4 2 2 5 2 1 2955.2760274663106 2 1
tr 4 2 2 5 2 1 211.0911448190223 3 2
tr 4 2 2 5 2 1 134930.56028165415 4 1
ann 4 2 2 5 2 2 1.999981561017257e-8 18 0
tr 4 2 2 5 2 2 1970.1840183108716 2 1
tr 4 2 2 5 2 2 70.36371493967403 3 2
tr 4 2 2 5 2 2 26986.112056330978 4 1
ann 4 2 2 5 3 1 8.607194467630952e-10 20 0
tr 4 2 2 5 3 1 72.35018147053297 2 2
tr 4 2 2 5 3 1 76680.0635274121 3 1
tr 4 2 2 5 3 1 6085.719327572386 4 2
tr 4 2 2 5 3 1 1.6242513729692241e6 5 1
ann 4 2 2 5 3 2 1.0758974407826855e-9 20 0
tr 4 2 2 5 3 2 120.58363578422166 2 2
tr 4 2 2 5 3 2 63900.05293950996 3 1
tr 4 2 2 5 3 2 3042.859663786197 4 2
tr 4 2 2 5 3 2 541417.1243230748 5 1
ann 4 2 2 5 3 3 1.4545375481419094e-9 20 0
tr 4 2 2 5 3 3 120.58363578422166 2 2
tr 4 2 2 5 3 3 31950.026469755023 3 1
tr 4 2 2 5 3 3 912.85789913585 4 2
tr 4 2 2 5 3 3 108283.42486461435 5 1
ann 4 2 2 5 4 1 1.3991633867016843e-11 22 0
tr 4 2 2 5 4 1 1852.588094352918 2 1
tr 4 2 2 5 4 1 1470.308011391212 3 2
tr 4 2 2 5 4 1 754746.9141397534 4 1
ann 4 2 2 5 4 2 1.8358755422758644e-11 22 0
tr 4 2 2 5 4 2 5557.764283058776 2 1
tr 4 2 2 5 4 2 2205.4620170868156 3 2
tr 4 2 2 5 4 2 679272.2227257772 4 1
ann 4 2 2 5 4 3 2.3392021266337436e-11 22 0
tr 4 2 2 5 4 3 12968.11666047046 2 1
tr 4 2 2 5 4 3 2573.0390199346216 3 2
tr 4 2 2 5 4 3 475490.55590804404 4 1
ann 4 2 2 5 4 4 2.888196183310861e-11 22 0
tr 4 2 2 5 4 4 25936.233320940944 2 1
tr 4 2 2 5 4 4 2058.4312159476913 3 2
tr 4 2 2 5 4 4 211329.13595913062 4 1
ann 4 2 2 7 6 2 7.035043215702578e-16 26 0
tr 4 2 2 7 6 2 259478.239201595 4 1
tr 4 2 2 7 6 2 79258.80761066922 5 2
tr 4 2 2 7 6 2 6.7988387907304e7 6 1
ann 4 2 2 7 6 4 1.1471772914118977e-15 26 0
tr 4 2 2 7 6 4 778434.7176047856 4 1
tr 4 2 2 7 6 4 101904.18121371756 5 2
tr 4 2 2 7 6 4 4.370682079755248e7 6 1
ann 4 2 2 7 6 6 1.7187557282468345e-15 26 0
tr 4 2 2 7 6 6 1.834881834354138e6 4 1
tr 4 2 2 7 6 6 62274.77740838289 5 2
tr 4 2 2 7 6 6 1.0683889528290585e7 6 1
ann 4 2 2 9 8 2 6.231405818033128e-21 30 0
tr 4 2 2 9 8 2 3.483835889259128e6 6 1
tr 4 2 2 9 8 2 693212.2432709498 7 2
tr 4 2 2 9 8 2 1.2386498202307596e9 8 1
tr 4 2 2 9 8 2 3.280909396552063e7 9 2
tr 4 2 2 9 8 2 1.7615322267262035e10 10 1
ann 4 2 2 9 8 4 9.96986501806959e-21 30 0
tr 4 2 2 9 8 4 8.211898881825102e6 6 1
tr 4 2 2 9 8 4 907777.9376167193 7 2
tr 4 2 2 9 8 4 9.732248587527378e8 8 1
ann 4 2 2 9 8 6 1.501380658878736e-20 30 0
tr 4 2 2 9 8 6 1.6606284405468533e7 6 1
tr 4 2 2 9 8 6 901175.9162522346 7 2
tr 4 2 2 9 8 6 5.367482554333279e8 8 1
ann 4 2 2 9 8 8 2.156613790757052e-20 30 0
tr 4 2 2 9 8 8 3.019324437357918e7 6 1
tr 4 2 2 9 8 8 462141.49551396683 7 2
tr 4 2 2 9 8 8 1.1796664954578568e8 8 1
ann 4 3 1 4 3 1 9.330559866326364e-12 22 0
ann 4 3 1 4 3 2 2.6376485832427378e-11 22 0
tr 4 3 1 4 3 2 2304.0 2 1
ann 4 3 1 4 3 3 2.123872254489076e-11 22 0
tr 4 3 1 4 3 3 1535.9999999999984 2 1
tr 4 3 1 4 3 3 1097.1428571428569 3 2
ann 4 3 1 5 1 1 1.0677076671762777e-8 18 0
tr 4 3 1 5 1 1 209.56465926764494 2 1
tr 4 3 1 5 1 1 20.790144768615562 3 2
tr 4 3 1 5 1 1 79538.86793364635 4 1
ann 4 3 1 5 2 1 7.068789582689764e-10 20 0
tr 4 3 1 5 2 1 0.6728997532601659 2 2
tr 4 3 1 5 2 1 1050.2851259446306 3 1
tr 4 3 1 5 2 1 1250.3394356483607 4 2
tr 4 3 1 5 2 1 1.5185888401924677e6 5 1
ann 4 3 1 5 2 2 5.883824039212729e-10 20 0
tr 4 3 1 5 2 2 1.0093496298902478 2 2
tr 4 3 1 5 2 2 12603.421511335477 3 1
tr 4 3 1 5 2 2 1000.2715485186885 4 2
tr 4 3 1 5 2 2 455576.6520577402 5 1
ann 4 3 1 5 3 1 3.2059559877098017e-11 22 0
tr 4 3 1 5 3 1 595.4747446134436 2 1
tr 4 3 1 5 3 1 236.29950183073043 3 2
tr 4 3 1 5 3 1 4390.494514386451 4 1
ann 4 3 1 5 3 2 2.2657229378420473e-11 22 0
tr 4 3 1 5 3 2 992.4579076890678 2 1
tr 4 3 1 5 3 2 140495.82446036424 4 1
ann 4 3 1 5 3 3 1.8243923828391585e-11 22 0
tr 4 3 1 5 3 3 661.6386051260442 2 1
tr 4 3 1 5 3 3 472.5990036614607 3 2
tr 4 3 1 5 3 3 237086.70377686425 4 1
ann 4 3 1 5 4 1 4.59906722075518e-13 24 0
tr 4 3 1 5 4 1 79.75108186787152 2 2
tr 4 3 1 5 4 1 10002.095315586537 3 1
tr 4 3 1 5 4 1 6172.7216804762265 4 2
ann 4 3 1 5 4 2 4.605297490123078e-13 24 0
tr 4 3 1 5 4 2 26.583693955957223 2 2
tr 4 3 1 5 4 2 26672.254174897298 3 1
tr 4 3 1 5 4 2 1097.3727431957718 4 2
tr 4 3 1 5 4 2 595261.0452643773 5 1
ann 4 3 1 5 4 3 3.5051874096455364e-13 24 0
tr 4 3 1 5 4 3 372.17171538340034 2 2
tr 4 3 1 5 4 3 9335.28896121405 3 1
tr 4 3 1 5 4 3 1920.4023005926013 4 2
tr 4 3 1 5 4 3 1.5459402592534032e6 5 1
ann 4 3 1 5 4 4 2.898674240135325e-13 24 0
tr 4 3 1 5 4 4 28005.86688364205 3 1
tr 4 3 1 5 4 4 13442.816104148204 4 2
tr 4 3 1 5 4 4 1.514390458044147e6 5 1
ann 4 3 1 7 6 2 3.111898953173707e-17 28 0
tr 4 3 1 7 6 2 19467.303412322082 3 1
tr 4 3 1 7 6 2 121.12988789889282 4 2
tr 4 3 1 7 6 2 931988.4766365077 5 1
ann 4 3 1 7 6 4 2.8576161026341874e-17 28 0
tr 4 3 1 7 6 4 9733.651706161025 3 1
tr 4 3 1 7 6 4 3244.5505687203436 4 2
tr 4 3 1 7 6 4 665706.0547403637 5 1
ann 4 3 1 7 6 6 1.6439674255703957e-17 28 0
tr 4 3 1 7 6 6 2.1968299806431886e6 5 1
tr 4 3 1 7 6 6 441435.2237399196 6 2
tr 4 3 1 7 6 6 8.313856648117478e7 7 1
ann 4 3 1 9 8 2 5.291553823494408e-22 32 0
tr 4 3 1 9 8 2 210591.57920379462 5 1
tr 4 3 1 9 8 2 3324.881627258833 6 2
tr 4 3 1 9 8 2 9.151459449596997e6 7 1
ann 4 3 1 9 8 4 5.268155491131427e-22 32 0
tr 4 3 1 9 8 4 198557.77467786407 5 1
tr 4 3 1 9 8 4 4063.744211094127 6 2
tr 4 3 1 9 8 4 1.529722042060595e7 7 1
ann 4 3 1 9 8 6 4.319037132300083e-22 32 0
tr 4 3 1 9 8 6 66921.3240580947 5 1
tr 4 3 1 9 8 6 30256.42280805541 6 2
tr 4 3 1 9 8 6 1.9466070063715512e6 7 1
tr 4 3 1 9 8 6 1.3783165077794117e6 8 2
tr 4 3 1 9 8 6 2.194558239808376e9 9 1
ann 4 3 1 9 8 8 1.9943773423590953e-22 32 0
tr 4 3 1 9 8 8 3.690442449579374e7 7 1
tr 4 3 1 9 8 8 3.618080832920953e6 8 2
tr 4 3 1 9 8 8 1.0020337266188052e9 9 1
ann 4 3 2 4 3 2 1.1261581683387454e-11 22 0
ann 4 3 2 4 3 3 2.894536747619566e-11 22 0
tr 4 3 2 4 3 3 3839.9999999999945 2 1
tr 4 3 2 4 3 3 1097.1428571428585 3 2
ann 4 3 2 5 1 1 1.1160698515446825e-8 18 0
tr 4 3 2 5 1 1 349.2744321127418 2 1
tr 4 3 2 5 1 1 17.325120640512978 3 2
tr 4 3 2 5 1 1 39769.43396682312 4 1
ann 4 3 2 5 2 1 7.559949339227093e-10 20 0
tr 4 3 2 5 2 1 7877.13844458468 3 1
tr 4 3 2 5 2 1 1225.332646935396 4 2
tr 4 3 2 5 2 1 728922.6432923854 5 1
ann 4 3 2 5 2 2 7.354767303845495e-10 20 0
tr 4 3 2 5 2 2 1.6822493831504128 2 2
tr 4 3 2 5 2 2 10502.851259446212 3 1
tr 4 3 2 5 2 2 500.1357742593448 4 2
tr 4 3 2 5 2 2 151858.88401924682 5 1
ann 4 3 2 5 3 1 2.2657229378420476e-11 22 0
tr 4 3 2 5 3 1 992.4579076890682 2 1
tr 4 3 2 5 3 1 140495.82446036424 4 1
ann 4 3 2 5 3 2 3.869450043179766e-11 22 0
tr 4 3 2 5 3 2 236.2995018307306 3 2
tr 4 3 2 5 3 2 215134.23120493235 4 1
tr 4 3 2 5 3 2 14901.072291250734 5 2
tr 4 3 2 5 3 2 2.2413001192054693e6 6 1
ann 4 3 2 5 3 3 2.4863882153434883e-11 22 0
tr 4 3 2 5 3 3 1654.09651281511 2 1
tr 4 3 2 5 3 3 472.5990036614614 3 2
tr 4 3 2 5 3 3 131714.83543159114 4 1
ann 4 3 2 5 4 1 3.541754563099321e-13 24 0
tr 4 3 2 5 4 1 260.52020076838033 2 2
tr 4 3 2 5 4 1 21337.80333991781 3 1
tr 4 3 2 5 4 1 1.006052334478736e6 5 1
ann 4 3 2 5 4 2 4.946337138893088e-13 24 0
tr 4 3 2 5 4 2 255.20346197718894 2 2
tr 4 3 2 5 4 2 2000.4190631172867 3 1
tr 4 3 2 5 4 2 3429.289822486791 4 2
tr 4 3 2 5 4 2 1.5452963857593352e6 5 1
ann 4 3 2 5 4 3 6.047571149529585e-13 24 0
tr 4 3 2 5 4 3 37.217171538340054 2 2
tr 4 3 2 5 4 3 9335.288961214046 3 1
tr 4 3 2 5 4 3 9602.011502962998 4 2
tr 4 3 2 5 4 3 1.3634021236855825e6 5 1
ann 4 3 2 5 4 4 4.624691831900347e-13 24 0
tr 4 3 2 5 4 4 297.73737230672015 2 2
tr 4 3 2 5 4 4 46676.44480607011 3 1
tr 4 3 2 5 4 4 9602.011502963001 4 2
tr 4 3 2 5 4 4 630996.0241850627 5 1
ann 4 3 2 7 6 2 2.9995151510435105e-17 28 0
tr 4 3 2 7 6 2 10382.561819905124 3 1
tr 4 3 2 7 6 2 3876.156412764575 4 2
tr 4 3 2 7 6 2 310662.8255455034 5 1
ann 4 3 2 7 6 4 3.808729974936811e-17 28 0
tr 4 3 2 7 6 4 23360.764094786515 3 1
tr 4 3 2 7 6 4 726.7793273933601 4 2
tr 4 3 2 7 6 4 399423.6328442177 5 1
ann 4 3 2 7 6 6 3.7166576451916827e-17 28 0
tr 4 3 2 7 6 6 6852.490801137372 4 2
tr 4 3 2 7 6 6 2.1968299806431932e6 5 1
tr 4 3 2 7 6 6 200652.3744272361 6 2
tr 4 3 2 7 6 6 2.3094046244770892e7 7 1
ann 4 3 2 9 8 2 4.616728872629127e-22 32 0
tr 4 3 2 9 8 2 101083.95801782153 5 1
tr 4 3 2 9 8 2 24825.78281686597 6 2
tr 4 3 2 9 8 2 5.849179706645283e6 7 1
tr 4 3 2 9 8 2 1.75355902158291e9 9 1
ann 4 3 2 9 8 4 6.016735137192212e-22 32 0
tr 4 3 2 9 8 4 211794.95965638856 5 1
tr 4 3 2 9 8 4 14629.47915993888 6 2
tr 4 3 2 9 8 4 306385.6036814221 7 1
ann 4 3 2 9 8 6 6.641824044750894e-22 32 0
tr 4 3 2 9 8 6 267685.2962323792 5 1
tr 4 3 2 9 8 6 1.4903709892532116e7 7 1
ann 4 3 2 9 8 8 5.86892603408125e-22 32 0
tr 4 3 2 9 8 8 53789.196103209564 6 2
tr 4 3 2 9 8 8 2.636030321128129e7 7 1
tr 4 3 2 9 8 8 1.2060269443069883e6 8 2
tr 4 3 2 9 8 8 2.087570263789173e8 9 1
ann 4 3 3 4 3 3 1.4472683738097846e-11 22 0
ann 4 3 3 5 1 1 1.11606869715079e-8 18 0
tr 4 3 3 5 1 1 523.9116481691121 2 1
tr 4 3 3 5 1 1 10.39507238430778 3 2
tr 4 3 3 5 1 1 13256.477988941047 4 1
ann 4 3 3 5 2 1 6.060587238191004e-10 20 0
tr 4 3 3 5 2 1 1.6822493831504128 2 2
tr 4 3 3 5 2 1 13128.564074307775 3 1
tr 4 3 3 5 2 1 675.1832952501147 4 2
tr 4 3 3 5 2 1 212602.43762694523 5 1
ann 4 3 3 5 2 2 9.943127435154509e-10 20 0
tr 4 3 3 5 2 2 1.6822493831504128 2 2
tr 4 3 3 5 2 2 5251.42562972311 3 1
tr 4 3 3 5 2 2 150.0407322778019 4 2
tr 4 3 3 5 2 2 30371.776803849243 5 1
ann 4 3 3 5 3 1 1.8243923828391582e-11 22 0
tr 4 3 3 5 3 1 661.6386051260442 2 1
tr 4 3 3 5 3 1 472.5990036614607 3 2
tr 4 3 3 5 3 1 237086.70377686425 4 1
ann 4 3 3 5 3 2 2.4863882153434873e-11 22 0
tr 4 3 3 5 3 2 1654.09651281511 2 1
tr 4 3 3 5 3 2 472.5990036614614 3 2
tr 4 3 3 5 3 2 131714.83543159114 4 1
ann 4 3 3 5 3 3 4.972776430686977e-11 22 0
tr 4 3 3 5 3 3 1654.09651281511 2 1
tr 4 3 3 5 3 3 236.2995018307297 3 2
tr 4 3 3 5 3 3 39514.4506294774 4 1
ann 4 3 3 5 4 1 2.7143168820634646e-13 24 0
tr 4 3 3 5 4 1 31.900432747148503 2 2
tr 4 3 3 5 4 1 20004.190631172904 3 1
tr 4 3 3 5 4 1 11430.96607495596 4 2
tr 4 3 3 5 4 1 1.6901679219242746e6 5 1
ann 4 3 3 5 4 2 3.870534850946964e-13 24 0
tr 4 3 3 5 4 2 143.55194736216848 2 2
tr 4 3 3 5 4 2 36007.54313611126 3 1
tr 4 3 3 5 4 2 11430.96607495595 4 2
tr 4 3 3 5 4 2 1.0865365212370313e6 5 1
ann 4 3 3 5 4 3 5.818158934345505e-13 24 0
tr 4 3 3 5 4 3 334.9545438450604 2 2
tr 4 3 3 5 4 3 42008.800325463104 3 1
tr 4 3 3 5 4 3 8001.676252469176 4 2
tr 4 3 3 5 4 3 507050.37657728366 5 1
ann 4 3 3 5 4 4 9.398560241681002e-13 24 0
tr 4 3 3 5 4 4 446.60605846007985 2 2
tr 4 3 3 5 4 4 28005.86688364207 3 1
tr 4 3 3 5 4 4 3200.670500987664 4 2
ann 4 3 3 7 6 2 2.0495178486897486e-17 28 0
tr 4 3 3 7 6 2 1297.820227488133 3 1
tr 4 3 3 7 6 2 1816.948318483396 4 2
tr 4 3 3 7 6 2 1.5533141277275097e6 5 1
tr 4 3 3 7 6 2 357526.04897943913 6 2
tr 4 3 3 7 6 2 9.352134429700568e7 7 1
ann 4 3 3 7 6 4 4.1211747233764685e-17 28 0
tr 4 3 3 7 6 4 9733.651706161025 3 1
tr 4 3 3 7 6 4 4905.760459905169 4 2
tr 4 3 3 7 6 4 1.8639769532730114e6 5 1
ann 4 3 3 7 6 6 7.56922300882602e-17 28 0
tr 4 3 3 7 6 6 42828.06750710857 3 1
tr 4 3 3 7 6 6 5139.368100853029 4 2
tr 4 3 3 7 6 6 732276.6602143954 5 1
ann 4 3 3 9 8 2 2.454450245219253e-22 32 0
tr 4 3 3 9 8 2 14039.438613586268 5 1
tr 4 3 3 9 8 2 10861.279982378861 6 2
tr 4 3 3 9 8 2 1.9653243814328026e7 7 1
tr 4 3 3 9 8 2 3.1012121425036807e6 8 2
tr 4 3 3 9 8 2 1.6439615827339787e9 9 1
ann 4 3 3 9 8 4 4.7358192563186745e-22 32 0
tr 4 3 3 9 8 4 61773.52989977974 5 1
tr 4 3 3 9 8 4 24382.465266564817 6 2
tr 4 3 3 9 8 4 2.4817233898194835e7 7 1
tr 4 3 3 9 8 4 2.3689814977458683e6 8 2
tr 4 3 3 9 8 4 8.037145515588342e8 9 1
ann 4 3 3 9 8 6 8.403332737187223e-22 32 0
tr 4 3 3 9 8 6 200763.97217428414 5 1
tr 4 3 3 9 8 6 36980.07232095659 6 2
tr 4 3 3 9 8 6 2.0074384753206477e7 7 1
ann 4 3 3 9 8 8 1.3918860139604572e-21 32 0
tr 4 3 3 9 8 8 535370.5924647587 5 1
tr 4 3 3 9 8 8 26894.598051604815 6 2
tr 4 3 3 9 8 8 6.083146894911044e6 7 1
ann 5 1 1 5 1 1 4.547909167917994e-7 16 0
ann 5 1 1 5 2 1 1.6777182303671504e-7 16 0
tr 5 1 1 5 2 1 251.99999999999994 2 2
tr 5 1 1 5 2 1 562499.9999999985 3 1
ann 5 1 1 5 2 2 1.0485686101690627e-7 16 0
tr 5 1 1 5 2 2 167.9999999999999 2 2
tr 5 1 1 5 2 2 187499.9999999995 3 1
ann 5 1 1 5 3 1 9.171539137710034e-9 18 0
tr 5 1 1 5 3 1 35999.99999999997 2 1
tr 5 1 1 5 3 1 3571.428571428568 3 2
tr 5 1 1 5 3 1 7.499999999999987e6 4 1
ann 5 1 1 5 3 2 9.586967216055787e-9 18 0
tr 5 1 1 5 3 2 59999.99999999997 2 1
tr 5 1 1 5 3 2 2976.190476190475 3 2
tr 5 1 1 5 3 2 3.7499999999999832e6 4 1
ann 5 1 1 5 3 3 9.586957395571898e-9 18 0
tr 5 1 1 5 3 3 89999.99999999988 2 1
tr 5 1 1 5 3 3 1785.7142857142835 3 2
tr 5 1 1 5 3 3 1.249999999999996e6 4 1
ann 5 1 1 5 4 1 1.036981251022541e-10 20 0
tr 5 1 1 5 4 1 260416.6666666665 3 1
tr 5 1 1 5 4 1 24305.555555555562 4 2
tr 5 1 1 5 4 1 4.176136363636357e7 5 1
ann 5 1 1 5 4 2 1.1823418871931453e-10 20 0
tr 5 1 1 5 4 2 390624.9999999997 3 1
tr 5 1 1 5 4 2 21874.999999999975 4 2
tr 5 1 1 5 4 2 2.5056818181818116e7 5 1
ann 5 1 1 5 4 3 1.3247454031611526e-10 20 0
tr 5 1 1 5 4 3 546874.999999999 3 1
tr 5 1 1 5 4 3 17013.888888888938 4 2
tr 5 1 1 5 4 3 1.2528409090909047e7 5 1
ann 5 1 1 5 4 4 1.4641917989265666e-10 20 0
tr 5 1 1 5 4 4 729166.6666666653 3 1
tr 5 1 1 5 4 4 9722.222222222184 4 2
tr 5 1 1 5 4 4 4.1761363636363475e6 5 1
ann 5 1 1 7 6 2 2.8028447083131167e-15 24 0
tr 5 1 1 7 6 2 1.214801412775861e9 5 1
tr 5 1 1 7 6 2 5.327678070532799e7 6 2
tr 5 1 1 7 6 2 1.1706166278424725e11 7 1
ann 5 1 1 7 6 4 3.70677885234602e-15 24 0
tr 5 1 1 7 6 4 1.9523594133897753e9 5 1
tr 5 1 1 7 6 4 3.995758552899603e7 6 2
tr 5 1 1 7 6 4 4.6824665113698746e10 7 1
ann 5 1 1 7 6 6 4.728119841817466e-15 24 0
tr 5 1 1 7 6 6 2.863460472971673e9 5 1
tr 5 1 1 7 6 6 1.5983034211598368e7 6 2
tr 5 1 1 7 6 6 7.804110852283104e9 7 1
ann 5 1 1 9 8 2 1.755910427542776e-20 28 0
tr 5 1 1 9 8 2 2.891388781397853e11 7 1
tr 5 1 1 9 8 2 9.18651119725171e9 8 2
tr 5 1 1 9 8 2 3.887005096653346e13 9 1
ann 5 1 1 9 8 4 2.291800398310481e-20 28 0
tr 5 1 1 9 8 4 4.2407035460501917e11 7 1
tr 5 1 1 9 8 4 7.874152454787181e9 8 2
tr 5 1 1 9 8 4 2.0823241589214277e13 9 1
ann 5 1 1 9 8 6 2.89934857555507e-20 28 0
tr 5 1 1 9 8 6 5.847030646826765e11 7 1
tr 5 1 1 9 8 6 5.511906718351019e9 8 2
tr 5 1 1 9 8 6 8.32929663568571e12 9 1
ann 5 1 1 9 8 8 3.5785549592765435e-20 28 0
tr 5 1 1 9 8 8 7.710370083727617e11 7 1
tr 5 1 1 9 8 8 2.0997739879432526e9 8 2
tr 5 1 1 9 8 8 1.388216105947609e12 9 1
ann 5 2 1 5 2 1 4.697610080640577e-9 18 0
ann 5 2 1 5 2 2 5.871971707013262e-9 18 0
tr 5 2 1 5 2 2 59510.204081632626 2 1
tr 5 2 1 5 2 2 4250.728862973758 3 2
ann 5 2 1 5 3 1 6.072044137603465e-10 20 0
tr 5 2 1 5 3 1 219.4285714285715 2 2
tr 5 2 1 5 3 1 61437.07482993239 3 1
tr 5 2 1 5 3 1 73139.37479753804 4 2
ann 5 2 1 5 3 2 6.493947160756634e-10 20 0
tr 5 2 1 5 3 2 460778.06122449005 3 1
tr 5 2 1 5 3 2 71676.58730158744 4 2
ann 5 2 1 5 3 3 5.20600497945486e-10 20 0
tr 5 2 1 5 3 3 548.571428571428 2 2
tr 5 2 1 5 3 3 767963.4353741484 3 1
ann 5 2 1 5 4 1 9.20196608253824e-12 22 0
tr 5 2 1 5 4 1 18367.346938775536 2 1
tr 5 2 1 5 4 1 1822.1574344023315 3 2
ann 5 2 1 5 4 2 9.584988766090582e-12 22 0
tr 5 2 1 5 4 2 24489.795918367337 2 1
tr 5 2 1 5 4 2 303.6929057337229 3 2
tr 5 2 1 5 4 2 1.9371811224489813e6 4 1
ann 5 2 1 5 4 3 9.838855805832921e-12 22 0
tr 5 2 1 5 4 3 21428.571428571395 2 1
tr 5 2 1 5 4 3 425.17006802721073 3 2
tr 5 2 1 5 4 3 4.1852678571428545e6 4 1
ann 5 2 1 5 4 4 1.0512147127078487e-11 22 0
tr 5 2 1 5 4 4 5102.0408163265265 3 2
tr 5 2 1 5 4 4 4.6874999999999935e6 4 1
tr 5 2 1 5 4 4 159090.90909090886 5 2
ann 5 2 1 7 6 2 4.79488727656618e-16 26 0
tr 5 2 1 7 6 2 5.272930416166472e7 4 1
tr 5 2 1 7 6 2 1.5099755282658527e6 5 2
tr 5 2 1 7 6 2 2.390202228897339e9 6 1
ann 5 2 1 7 6 4 4.979167379552743e-16 26 0
tr 5 2 1 7 6 4 5.6495683030354954e7 4 1
tr 5 2 1 7 6 4 269638.48719032906 5 2
tr 5 2 1 7 6 4 9.759992434664158e9 6 1
ann 5 2 1 7 6 6 4.782558496061042e-16 26 0
tr 5 2 1 7 6 6 9.886744530312132e6 5 2
tr 5 2 1 7 6 6 9.640482323219278e9 6 1
tr 5 2 1 7 6 6 1.5323372609512597e8 7 2
tr 5 2 1 7 6 6 4.819159309519786e10 8 1
ann 5 2 1 9 8 2 5.485417298156553e-21 30 0
tr 5 2 1 9 8 2 1.0769215226787119e10 6 1
tr 5 2 1 9 8 2 2.790174544567773e8 7 2
tr 5 2 1 9 8 2 3.333235274136758e11 8 1
ann 5 2 1 9 8 4 5.973532266383816e-21 30 0
tr 5 2 1 9 8 4 1.3162374166073204e10 6 1
tr 5 2 1 9 8 4 1.636902399479767e7 7 2
tr 5 2 1 9 8 4 1.5555097945971653e12 8 1
ann 5 2 1 9 8 6 5.724323507429578e-21 30 0
tr 5 2 1 9 8 6 1.0888873173751425e10 6 1
tr 5 2 1 9 8 6 2.0312470684453416e8 7 2
tr 5 2 1 9 8 6 2.68880978780366e12 8 1
ann 5 2 1 9 8 8 4.495833016162693e-21 30 0
tr 5 2 1 9 8 8 1.4583312286274216e9 7 2
tr 5 2 1 9 8 8 1.9047058709352952e12 8 1
tr 5 2 1 9 8 8 1.6144462559286457e10 9 2
tr 5 2 1 9 8 8 7.093497030508751e12 10 1
ann 5 2 2 5 2 2 2.9359858535066348e-9 18 0
ann 5 2 2 5 3 1 5.054166487687949e-10 20 0
tr 5 2 2 5 3 1 329.1428571428569 2 2
tr 5 2 2 5 3 1 737244.8979591833 3 1
tr 5 2 2 5 3 1 58511.499838030395 4 2
ann 5 2 2 5 3 2 6.317697253267541e-10 20 0
tr 5 2 2 5 3 2 548.5714285714282 2 2
tr 5 2 2 5 3 2 614370.7482993185 3 1
ann 5 2 2 5 3 3 8.541081800892948e-10 20 0
tr 5 2 2 5 3 3 548.5714285714282 2 2
tr 5 2 2 5 3 3 307185.3741496597 3 1
ann 5 2 2 5 4 1 8.21592285909429e-12 22 0
tr 5 2 2 5 4 1 3061.224489795905 2 1
tr 5 2 2 5 4 1 2429.543245869777 3 2
tr 5 2 2 5 4 1 4.783163265306121e6 4 1
ann 5 2 2 5 4 2 1.0780307789719735e-11 22 0
tr 5 2 2 5 4 2 9183.67346938775 2 1
tr 5 2 2 5 4 2 3644.3148688046617 3 2
tr 5 2 2 5 4 2 4.304846938775502e6 4 1
ann 5 2 2 5 4 3 1.3735854408058421e-11 22 0
tr 5 2 2 5 4 3 21428.571428571395 2 1
tr 5 2 2 5 4 3 4251.70068027211 3 2
tr 5 2 2 5 4 3 3.0133928571428526e6 4 1
ann 5 2 2 5 4 4 1.6959561689038346e-11 22 0
tr 5 2 2 5 4 4 42857.14285714281 2 1
tr 5 2 2 5 4 4 3401.3605442176786 3 2
tr 5 2 2 5 4 4 1.3392857142857113e6 4 1
ann 5 2 2 7 6 2 4.130995137184308e-16 26 0
tr 5 2 2 7 6 2 1.6477907550520174e7 4 1
tr 5 2 2 7 6 2 5.033251760886176e6 5 2
tr 5 2 2 7 6 2 1.1154277068187603e10 6 1
ann 5 2 2 7 6 4 6.736254066827138e-16 26 0
tr 5 2 2 7 6 4 4.9433722651560575e7 4 1
tr 5 2 2 7 6 4 6.471323692567939e6 5 2
tr 5 2 2 7 6 4 7.170606686692013e9 6 1
ann 5 2 2 7 6 6 1.0092577186716195e-15 26 0
tr 5 2 2 7 6 6 1.1652234625010708e8 4 1
tr 5 2 2 7 6 6 3.9546978121248474e6 5 2
tr 5 2 2 7 6 6 1.752814967858044e9 6 1
ann 5 2 2 9 8 2 3.6590971634374565e-21 30 0
tr 5 2 2 9 8 2 3.141021107812905e9 6 1
tr 5 2 2 9 8 2 6.249990979831811e8 7 2
tr 5 2 2 9 8 2 2.6665882193094146e12 8 1
ann 5 2 2 9 8 4 5.854329827750391e-21 30 0
tr 5 2 2 9 8 4 7.403835468416147e9 6 1
tr 5 2 2 9 8 4 8.184511997398793e8 7 2
tr 5 2 2 9 8 4 2.095176458028821e12 8 1
ann 5 2 2 9 8 6 8.81614504357622e-21 30 0
tr 5 2 2 9 8 6 1.49722006139082e10 6 1
tr 5 2 2 9 8 6 8.124988273781353e8 7 2
tr 5 2 2 9 8 6 1.1555215617007437e12 8 1
ann 5 2 2 9 8 8 1.2663690542267834e-20 30 0
tr 5 2 2 9 8 8 2.722218293437857e10 6 1
tr 5 2 2 9 8 8 4.16666065322121e8 7 2
tr 5 2 2 9 8 8 2.5396078279137067e11 8 1
ann 5 3 1 5 3 1 6.8847381228870694e-12 22 0
ann 5 3 1 5 3 2 1.946241233073013e-11 22 0
tr 5 3 1 5 3 2 22500.000000000007 2 1
ann 5 3 1 5 3 3 1.5671411307937835e-11 22 0
tr 5 3 1 5 3 3 14999.99999999998 2 1
tr 5 3 1 5 3 3 10714.285714285712 3 2
ann 5 3 1 5 4 1 3.9505686747629316e-13 24 0
tr 5 3 1 5 4 1 128.57142857142864 2 2
tr 5 3 1 5 4 1 71747.44897959233 3 1
ann 5 3 1 5 4 2 3.9559204331053965e-13 24 0
tr 5 3 1 5 4 2 42.85714285714295 2 2
tr 5 3 1 5 4 2 191326.53061224523 3 1
ann 5 3 1 5 4 3 3.010933048845245e-13 24 0
tr 5 3 1 5 4 3 600.0 2 2
tr 5 3 1 5 4 3 66964.2857142858 3 1
ann 5 3 1 5 4 4 2.4899421396137696e-13 24 0
tr 5 3 1 5 4 4 200892.8571428567 3 1
tr 5 3 1 5 4 4 96428.57142857136 4 2
ann 5 3 1 7 6 2 2.6731007848749732e-17 28 0
tr 5 3 1 7 6 2 1.400252816195062e6 3 1
tr 5 3 1 7 6 2 8712.684189658152 4 2
tr 5 3 1 7 6 2 1.7929327256291655e8 5 1
ann 5 3 1 7 6 4 2.454673458960187e-17 28 0
tr 5 3 1 7 6 4 700126.4080975297 3 1
tr 5 3 1 7 6 4 233375.46936584334 4 2
tr 5 3 1 7 6 4 1.2806662325922629e8 5 1
ann 5 3 1 7 6 6 1.4121571811671836e-17 28 0
tr 5 3 1 7 6 6 4.226198567554445e8 5 1
tr 5 3 1 7 6 6 8.492204342966565e7 6 2
tr 5 3 1 7 6 6 3.951508732214239e10 7 1
ann 5 3 1 9 8 2 4.545409908267294e-22 32 0
tr 5 3 1 9 8 2 2.1979257199638075e8 5 1
tr 5 3 1 9 8 2 3.4701496004810943e6 6 2
tr 5 3 1 9 8 2 2.3188427012070305e10 7 1
ann 5 3 1 9 8 4 4.525310889275258e-22 32 0
tr 5 3 1 9 8 4 2.072329964537311e8 5 1
tr 5 3 1 9 8 4 4.241293956143556e6 6 2
tr 5 3 1 9 8 4 3.876086444620515e10 7 1
ann 5 3 1 9 8 6 3.710024426523508e-22 32 0
tr 5 3 1 9 8 6 6.984519510107207e7 5 1
tr 5 3 1 9 8 6 3.157836136437798e7 6 2
tr 5 3 1 9 8 6 4.932410479119715e9 7 1
ann 5 3 1 9 8 8 1.713156961611482e-22 32 0
tr 5 3 1 9 8 8 9.35102819999773e10 7 1
tr 5 3 1 9 8 8 9.167674705880125e9 8 2
tr 5 3 1 9 8 8 5.94039330707008e12 9 1
ann 5 3 2 5 3 2 8.309580781817956e-12 22 0
ann 5 3 2 5 3 3 2.1357912842126278e-11 22 0
tr 5 3 2 5 3 3 37499.99999999994 2 1
tr 5 3 2 5 3 3 10714.285714285728 3 2
ann 5 3 2 5 4 1 3.042343999557819e-13 24 0
tr 5 3 2 5 4 1 420.0000000000002 2 2
tr 5 3 2 5 4 1 153061.224489796 3 1
ann 5 3 2 5 4 2 4.248871265222477e-13 24 0
tr 5 3 2 5 4 2 411.42857142857184 2 2
tr 5 3 2 5 4 2 14349.489795918314 3 1
ann 5 3 2 5 4 3 5.194824073031618e-13 24 0
tr 5 3 2 5 4 3 60.00000000000006 2 2
tr 5 3 2 5 4 3 66964.28571428575 3 1
ann 5 3 2 5 4 4 3.9725800070375013e-13 24 0
tr 5 3 2 5 4 4 479.9999999999998 2 2
tr 5 3 2 5 4 4 334821.42857142794 3 1
ann 5 3 2 7 6 2 2.5765638120237792e-17 28 0
tr 5 3 2 7 6 2 746801.5019707006 3 1
tr 5 3 2 7 6 2 278805.8940690614 4 2
tr 5 3 2 7 6 2 5.9764424187639e7 5 1
ann 5 3 2 7 6 4 3.271674059704731e-17 28 0
tr 5 3 2 7 6 4 1.680303379434075e6 3 1
tr 5 3 2 7 6 4 52276.10513794915 4 2
tr 5 3 2 7 6 4 7.68399739555357e7 5 1
ann 5 3 2 7 6 6 3.192584453568484e-17 28 0
tr 5 3 2 7 6 6 492888.99130066164 4 2
tr 5 3 2 7 6 6 4.226198567554454e8 5 1
tr 5 3 2 7 6 6 3.860092883166619e7 6 2
tr 5 3 2 7 6 6 1.097641314503961e10 7 1
ann 5 3 2 9 8 2 3.9657396826375405e-22 32 0
tr 5 3 2 9 8 2 1.0550043455826288e8 5 1
tr 5 3 2 9 8 2 2.5910450350258846e7 6 2
tr 5 3 2 9 8 2 1.4820944949277987e10 7 1
ann 5 3 2 9 8 4 5.168335873997692e-22 32 0
tr 5 3 2 9 8 4 2.2104852955064663e8 5 1
tr 5 3 2 9 8 4 1.5268658242116824e7 6 2
tr 5 3 2 9 8 4 7.763352116288532e8 7 1
ann 5 3 2 9 8 6 5.7052831400974915e-22 32 0
tr 5 3 2 9 8 6 2.793807804042887e8 5 1
tr 5 3 2 9 8 6 3.776376773076015e10 7 1
ann 5 3 2 9 8 8 5.041368734263583e-22 32 0
tr 5 3 2 9 8 8 5.613930909222749e7 6 2
tr 5 3 2 9 8 8 6.679305857141249e10 7 1
tr 5 3 2 9 8 8 3.055891568626717e9 8 2
tr 5 3 2 9 8 8 1.2375819389729307e12 9 1
ann 5 3 3 5 3 3 1.0678956421063128e-11 22 0
ann 5 3 3 5 4 1 2.331580381350074e-13 24 0
tr 5 3 3 5 4 1 51.42857142857128 2 2
tr 5 3 3 5 4 1 143494.8979591834 3 1
ann 5 3 3 5 4 2 3.32476407331163e-13 24 0
tr 5 3 3 5 4 2 231.4285714285711 2 2
tr 5 3 3 5 4 2 258290.81632653033 3 1
ann 5 3 3 5 4 3 4.997760473795428e-13 24 0
tr 5 3 3 5 4 3 540.0000000000001 2 2
tr 5 3 3 5 4 3 301339.2857142853 3 1
ann 5 3 3 5 4 4 8.073301874069205e-13 24 0
tr 5 3 3 5 4 4 719.9999999999993 2 2
tr 5 3 3 5 4 4 200892.85714285684 3 1
ann 5 3 3 7 6 2 1.760522336338755e-17 28 0
tr 5 3 3 7 6 2 93350.18774633705 3 1
tr 5 3 3 7 6 2 130690.26284487252 4 2
tr 5 3 3 7 6 2 2.9882212093819356e8 5 1
ann 5 3 3 7 6 4 3.540061995363682e-17 28 0
tr 5 3 3 7 6 4 700126.4080975297 3 1
tr 5 3 3 7 6 4 352863.7096811559 4 2
tr 5 3 3 7 6 4 3.5858654512583226e8 5 1
ann 5 3 3 7 6 6 6.501912909868666e-17 28 0
tr 5 3 3 7 6 6 3.080556195629136e6 3 1
tr 5 3 3 7 6 6 369666.74347549625 4 2
tr 5 3 3 7 6 6 1.4087328558514804e8 5 1
ann 5 3 3 9 8 2 2.10835656152996e-22 32 0
tr 5 3 3 9 8 2 1.4652838133092014e7 5 1
tr 5 3 3 9 8 2 1.1335822028238246e7 6 2
tr 5 3 3 9 8 2 4.9798375029573715e10 7 1
tr 5 3 3 9 8 2 7.85800689075441e9 8 2
ann 5 3 3 9 8 4 4.0680375118500473e-22 32 0
tr 5 3 3 9 8 4 6.4472487785605e7 5 1
tr 5 3 3 9 8 4 2.54477637368614e7 6 2
tr 5 3 3 9 8 4 6.288315214193621e10 7 1
ann 5 3 3 9 8 6 7.21840745927811e-22 32 0
tr 5 3 3 9 8 6 2.0953558530321625e8 5 1
tr 5 3 3 9 8 6 3.85957750009064e7 6 2
tr 5 3 3 9 8 6 5.086548306592169e10 7 1
ann 5 3 3 9 8 8 1.1956209258519705e-21 32 0
tr 5 3 3 9 8 8 5.587615608085779e8 5 1
tr 5 3 3 9 8 8 2.806965454611377e7 6 2
tr 5 3 3 9 8 8 1.5413782747248974e10 7 1
ann 5 4 1 5 4 1 1.6044548917760953e-15 26 0
ann 5 4 1 5 4 2 5.479677051472824e-15 26 0
tr 5 4 1 5 4 2 7438.775510204087 2 1
ann 5 4 1 5 4 3 3.648019205342993e-15 26 0
tr 5 4 1 5 4 3 11571.428571428552 2 1
tr 5 4 1 5 4 3 8265.306122448977 3 2
ann 5 4 1 5 4 4 2.7427979294300353e-15 26 0
tr 5 4 1 5 4 4 2755.102040816324 3 2
tr 5 4 1 5 4 4 1.7578125000000014e6 4 1
ann 5 4 1 7 6 2 4.814709669831172e-19 30 0
tr 5 4 1 7 6 2 23354.82060013413 2 1
tr 5 4 1 7 6 2 289.61831101356745 3 2
tr 5 4 1 7 6 2 3.8325262607119526e6 4 1
ann 5 4 1 7 6 4 3.4570836967474864e-19 30 0
tr 5 4 1 7 6 4 11729.541596049496 3 2
tr 5 4 1 7 6 4 164251.1254590835 4 1
tr 5 4 1 7 6 4 1.8061651032300696e6 5 2
tr 5 4 1 7 6 4 2.687298645382052e8 6 1
ann 5 4 1 7 6 6 1.4811288558507382e-19 30 0
tr 5 4 1 7 6 6 1.839612605141734e6 5 2
tr 5 4 1 7 6 6 1.658995592302177e9 6 1
tr 5 4 1 7 6 6 2.929937270549363e8 7 2
tr 5 4 1 7 6 6 8.6476613586353e10 8 1
ann 5 4 1 9 8 2 1.0706907760377503e-23 34 0
tr 5 4 1 9 8 2 2.1233535149722486e6 4 1
tr 5 4 1 9 8 2 6756.124820366236 5 2
tr 5 4 1 9 8 2 3.7264178052932966e8 6 1
ann 5 4 1 9 8 4 9.740430173373425e-24 34 0
tr 5 4 1 9 8 4 1.334679352268273e6 4 1
tr 5 4 1 9 8 4 312132.9667009204 5 2
tr 5 4 1 9 8 4 1.9138812591060942e8 6 1
ann 5 4 1 9 8 6 6.498183954840717e-24 34 0
tr 5 4 1 9 8 6 483062.9246561864 5 2
tr 5 4 1 9 8 6 2.5903125207750013e8 6 1
tr 5 4 1 9 8 6 1.1711303076659356e8 7 2
ann 5 4 1 9 8 8 2.1585771869391132e-24 34 0
tr 5 4 1 9 8 8 1.9982410874549985e8 7 2
tr 5 4 1 9 8 8 2.530294057594118e11 8 1
tr 5 4 1 9 8 8 2.3830006336857e10 9 2
tr 5 4 1 9 8 8 1.0191884334396826e13 10 1
ann 5 4 2 5 4 2 1.7797032271195224e-15 26 0
ann 5 4 2 5 4 3 6.028325793539622e-15 26 0
tr 5 4 2 5 4 3 16071.428571428556 2 1
ann 5 4 2 5 4 4 4.203032535700961e-15 26 0
tr 5 4 2 5 4 4 5142.857142857132 2 1
tr 5 4 2 5 4 4 8265.30612244897 3 2
ann 5 4 2 7 6 2 4.823659709602298e-19 30 0
tr 5 4 2 7 6 2 17516.11545010056 2 1
tr 5 4 2 7 6 2 6950.839464325619 3 2
ann 5 4 2 7 6 4 5.215427896924362e-19 30 0
tr 5 4 2 7 6 4 21895.1443126257 2 1
tr 5 4 2 7 6 4 1737.709866081404 3 2
tr 5 4 2 7 6 4 4.599031512854352e6 4 1
ann 5 4 2 7 6 6 2.9880085283571e-19 30 0
tr 5 4 2 7 6 6 4.818033013466437e6 4 1
tr 5 4 2 7 6 6 3.3113026892551235e6 5 2
tr 5 4 2 7 6 6 1.3573600300654144e9 6 1
ann 5 4 2 9 8 2 1.0030053207200693e-23 34 0
tr 5 4 2 9 8 2 1.327095946857653e6 4 1
tr 5 4 2 9 8 2 405367.4892219742 5 2
tr 5 4 2 9 8 2 1.264691682107578e7 6 1
ann 5 4 2 9 8 4 1.1832414952269492e-23 34 0
tr 5 4 2 9 8 4 2.335688866469477e6 4 1
tr 5 4 2 9 8 4 33973.656239555996 5 2
tr 5 4 2 9 8 4 2.8340761965562385e8 6 1
ann 5 4 2 9 8 6 1.0771827964818294e-23 34 0
tr 5 4 2 9 8 6 1.2651648026709626e6 4 1
tr 5 4 2 9 8 6 386450.33972494904 5 2
tr 5 4 2 9 8 6 3.767727302945466e8 6 1
ann 5 4 2 9 8 8 5.6305081290067445e-24 34 0
tr 5 4 2 9 8 8 8.289000066479977e8 6 1
tr 5 4 2 9 8 8 2.569167112442138e8 7 2
tr 5 4 2 9 8 8 1.5181764345564697e11 8 1
ann 5 4 3 5 4 3 2.284045593634345e-15 26 0
ann 5 4 3 5 4 4 7.123501748242795e-15 26 0
tr 5 4 3 5 4 4 17999.999999999967 2 1
tr 5 4 3 5 4 4 11571.428571428562 3 2
ann 5 4 3 7 6 2 3.711749993669182e-19 30 0
tr 5 4 3 7 6 2 3336.4029428763056 2 1
tr 5 4 3 7 6 2 6992.213508756142 3 2
tr 5 4 3 7 6 2 4.927533763772513e6 4 1
ann 5 4 3 7 6 4 6.271439117155334e-19 30 0
tr 5 4 3 7 6 4 25023.022071572235 2 1
tr 5 4 3 7 6 4 7757.63333072057 3 2
tr 5 4 3 7 6 4 164251.12545908347 4 1
ann 5 4 3 7 6 6 6.014955777114539e-19 30 0
tr 5 4 3 7 6 6 12288.091195861378 3 2
tr 5 4 3 7 6 6 8.431557773566287e6 4 1
tr 5 4 3 7 6 6 2.575457647198431e6 5 2
tr 5 4 3 7 6 6 6.334346806971954e8 6 1
ann 5 4 3 9 8 2 7.221410079943425e-24 34 0
tr 5 4 3 9 8 2 303336.21642460726 4 1
tr 5 4 3 9 8 2 348423.0085931737 5 2
tr 5 4 3 9 8 2 5.454641572673308e8 6 1
ann 5 4 3 9 8 4 1.1476868284630032e-23 34 0
tr 5 4 3 9 8 4 1.3346793522682744e6 4 1
tr 5 4 3 9 8 4 513851.5506232842 5 2
tr 5 4 3 9 8 4 1.811407357185312e8 6 1
ann 5 4 3 9 8 6 1.4893060007413635e-23 34 0
tr 5 4 3 9 8 6 2.8918052632479183e6 4 1
tr 5 4 3 9 8 6 124216.18062587644 5 2
tr 5 4 3 9 8 6 9.89028417023184e7 6 1
ann 5 4 3 9 8 8 1.3671926520441227e-23 34 0
tr 5 4 3 9 8 8 920119.8564879737 5 2
tr 5 4 3 9 8 8 9.670500077559996e8 6 1
tr 5 4 3 9 8 8 1.3833976759303862e8 7 2
tr 5 4 3 9 8 8 5.0605881151882355e10 8 1
ann 5 4 4 5 4 4 3.561750874121409e-15 26 0
ann 5 4 4 7 6 2 2.1974823188971297e-19 30 0
tr 5 4 4 7 6 2 104.26259196488121 2 1
tr 5 4 4 7 6 2 827.4808886101918 3 2
tr 5 4 4 7 6 2 2.1900150061211074e6 4 1
tr 5 4 4 7 6 2 2.1245357695744624e6 5 2
ann 5 4 4 7 6 4 5.349559047103158e-19 30 0
tr 5 4 4 7 6 4 4691.816638419783 2 1
tr 5 4 4 7 6 4 7447.327997491741 3 2
tr 5 4 4 7 6 4 6.570045018363332e6 4 1
ann 5 4 4 7 6 6 1.2821345574524023e-18 30 0
tr 5 4 4 7 6 6 51609.983022617744 2 1
tr 5 4 4 7 6 6 16384.12159448182 3 2
tr 5 4 4 7 6 6 4.818033013466437e6 4 1
ann 5 4 4 9 8 2 3.2960424944498496e-24 34 0
tr 5 4 4 9 8 2 18958.513526537772 4 1
tr 5 4 4 9 8 2 54048.99856292988 5 2
tr 5 4 4 9 8 2 2.582078850969602e8 6 1
tr 5 4 4 9 8 2 1.489812881771182e8 7 2
tr 5 4 4 9 8 2 1.8864914275553766e11 8 1
ann 5 4 4 9 8 4 7.536557789590309e-24 34 0
tr 5 4 4 9 8 4 208543.64879191635 4 1
tr 5 4 4 9 8 4 254802.4217966698 5 2
tr 5 4 4 9 8 4 6.086328720142651e8 6 1
tr 5 4 4 9 8 4 1.9509454404146445e8 7 2
ann 5 4 4 9 8 6 1.5795208682154654e-23 34 0
tr 5 4 4 9 8 6 1.2651648026709626e6 4 1
tr 5 4 4 9 8 6 662486.296671341 5 2
tr 5 4 4 9 8 6 7.912227336185431e8 6 1
ann 5 4 4 9 8 8 3.081312560493327e-23 34 0
tr 5 4 4 9 8 8 5.42213486858985e6 4 1
tr 5 4 4 9 8 8 736095.8851903791 5 2
tr 5 4 4 9 8 8 3.516545482749077e8 6 1
ann 7 6 2 7 6 2 1.1788041866527882e-23 34 0
ann 7 6 2 7 6 4 3.283074667859298e-23 34 0
tr 7 6 2 7 6 4 137154.64462809887 2 1
ann 7 6 2 7 6 6 1.0696785382652144e-23 34 0
tr 7 6 2 7 6 6 2.695231636363621e7 4 1
tr 7 6 2 7 6 6 9.147452826446265e7 5 2
ann 7 6 2 9 8 2 1.3788948304876772e-27 38 0
tr 7 6 2 9 8 2 266192.6147673891 2 1
tr 7 6 2 9 8 2 105631.98998705905 3 2
tr 7 6 2 9 8 2 7.505458883237806e7 4 1
ann 7 6 2 9 8 4 1.3256745835712613e-27 38 0
tr 7 6 2 9 8 4 195207.9174960854 2 1
tr 7 6 2 9 8 4 139434.22678291806 3 2
tr 7 6 2 9 8 4 2.6751409543829134e8 4 1
ann 7 6 2 9 8 6 7.6373615495106165e-28 38 0
tr 7 6 2 9 8 6 7.468508931812572e8 4 1
tr 7 6 2 9 8 6 1.5842291673541865e8 5 2
tr 7 6 2 9 8 6 1.432079364338793e11 6 1
ann 7 6 2 9 8 8 2.1193496464111923e-28 38 0
tr 7 6 2 9 8 8 3.1505746015453326e11 6 1
tr 7 6 2 9 8 8 4.8223080635897943e11 7 2
tr 7 6 2 9 8 8 1.0996862922587482e15 8 1
ann 7 6 4 7 6 4 1.4620603888388147e-23 34 0
ann 7 6 4 7 6 6 3.534176503296418e-23 34 0
tr 7 6 4 7 6 6 33526.690909090765 2 1
ann 7 6 4 9 8 2 8.102475870854783e-28 38 0
tr 7 6 4 9 8 2 5915.391439275285 2 1
tr 7 6 4 9 8 2 67604.47359171783 3 2
tr 7 6 4 9 8 2 4.576346227472553e8 4 1
ann 7 6 4 9 8 4 1.4556043000501149e-27 38 0
tr 7 6 4 9 8 4 156166.3339968686 2 1
tr 7 6 4 9 8 4 247883.0698362988 3 2
tr 7 6 4 9 8 4 2.1911794912452066e8 4 1
ann 7 6 4 9 8 6 1.7777407305527047e-27 38 0
tr 7 6 4 9 8 6 394753.7887143058 2 1
tr 7 6 4 9 8 6 3.5564328246726745e8 4 1
ann 7 6 4 9 8 8 9.472792933423089e-28 38 0
tr 7 6 4 9 8 8 3.319337303027809e8 4 1
tr 7 6 4 9 8 8 6.336916669416738e8 5 2
tr 7 6 4 9 8 8 1.2888714279049094e12 6 1
ann 7 6 6 7 6 6 3.3739209296063007e-23 34 0
ann 7 6 6 9 8 2 1.7878652849123512e-28 38 0
tr 7 6 6 9 8 2 2.7357175574404257e6 4 1
tr 7 6 6 9 8 2 2.843488249097252e7 5 2
tr 7 6 6 9 8 2 2.3133589731626495e11 6 1
ann 7 6 6 9 8 4 5.372712075276012e-28 38 0
tr 7 6 6 9 8 4 394.359429285007 2 1
tr 7 6 6 9 8 4 7042.132665803956 3 2
tr 7 6 6 9 8 4 9.672715649521758e7 4 1
ann 7 6 6 9 8 6 1.5518368631547581e-27 38 0
tr 7 6 6 9 8 6 35886.70806493682 2 1
tr 7 6 6 9 8 6 128166.81451763166 3 2
tr 7 6 6 9 8 6 5.868114160709883e8 4 1
ann 7 6 6 9 8 8 4.450488685739804e-27 38 0
tr 7 6 6 9 8 8 717734.1612987383 2 1
tr 7 6 6 9 8 8 512667.2580705273 3 2
tr 7 6 6 9 8 8 7.824152214279839e8 4 1
ann 9 8 2 9 8 2 1.361238213129248e-32 42 0
ann 9 8 2 9 8 4 4.247620690913353e-32 42 0
tr 9 8 2 9 8 4 1.1547359999999972e6 2 1
ann 9 8 2 9 8 6 1.8193107270286726e-32 42 0
tr 9 8 2 9 8 6 3.6727683109615245e9 4 1
ann 9 8 2 9 8 8 3.340242750063753e-33 42 0
tr 9 8 2 9 8 8 1.6637532195067388e12 6 1
ann 9 8 4 9 8 4 1.510809033701025e-32 42 0
ann 9 8 4 9 8 6 4.5163786120121243e-32 42 0
tr 9 8 4 9 8 6 636854.3999999982 2 1
ann 9 8 4 9 8 8 1.269012308755402e-32 42 0
tr 9 8 4 9 8 8 4.4518403769230473e8 4 1
ann 9 8 6 9 8 6 1.9293783392073925e-32 42 0
ann 9 8 6 9 8 8 4.749446427420536e-32 42 0
tr 9 8 6 9 8 8 139967.99999999884 2 1
ann 9 8 8 9 8 8 4.678755302548774e-32 42 0
