0.029999999999999995	0.017147827148437503
0.03406721568095508	0.019480590820312498
0.03868583947509044	0.022112426757812498
0.04393062790655708	0.025103149414062498
0.04988647252974884	0.028512573242187506
0.056649773974433194	0.03234069824218751
0.0643300022754791	0.036766967773437506
0.07305146874250262	0.0417315673828125
0.08295533804871283	0.047354125976562494
0.09420191310640147	0.0538140869140625
0.10697322971181222	0.0610516357421875
0.1214760029560221	0.0693060302734375
0.1379449730921048	0.07869689941406251
0.15664670501440936	0.08934387207031251
0.1778839028478946	0.10136657714843751
0.2020003094829762	0.11506408691406249
0.22938627035920764	0.1304962158203125
0.26048505155256685	0.14802185058593753
0.29580001443020015	0.16782043457031254
0.3359027630007754	0.1901910400390625
0.38144239583253853	0.21543273925781248
0.433156012289578	0.2437847900390625
0.4918806431390498	0.27560607910156254
0.5585667986368307	0.31125549316406254
0.6342938533793843	0.3509124755859375
0.7202875169393199	0.3948760986328125
0.81793967306238	0.4432061767578125
0.9288309085408667	0.4958428955078126
1.0547560964133063	0.5525538330078126
1.197753447577146	0.6126761474609375
1.3601375010406063	0.6752301025390626
1.544536586790187	0.7387567138671876
1.7539353676435843	0.8010675048828124
1.9917231486656424	0.8597308349609374
2.2617487360781148	0.9117071533203125
2.5683827336033582	0.9539569091796876
2.9165882845635553	0.9836229248046875
3.3120014047591146	0.9979696044921875
