211    211    322    BH 
211    322    433    BH 
211    433    544    BH 
322    322    211    Inf 
322    322    544    BH 
322    433    211    Inf 
322    544    211    Inf 
322    544    766    BH 
322    766    211    Inf 
433    433    211    Inf 
433    433    766    BH 
433    544    211    Inf 
433    544    322    Inf 
433    766    211    Inf 
433    766    322    Inf 
544    544    211    Inf 
544    544    322    Inf 
544    766    211    Inf 
544    766    322    Inf 
544    766    433    Inf 
766    766    211    Inf 
766    766    322    Inf 
766    766    433    Inf 
